1 4
28 4
41 4
47 4
55 4
71 4
102 4
108 4
164 4
171 4
180 4
182 4
189 4
190 4
194 4
206 4
224 4
259 4
302 4
306 4
347 4
372 4
375 4
398 4
408 4
429 4
435 4
462 4
466 4
489 4
498 4
513 4
529 4
538 4
551 4
559 4
571 4
579 4
606 4
612 4
614 4
618 4
643 4
670 4
680 4
686 4
701 4
720 4
755 4
763 4
786 4
825 4
830 4
833 4
841 4
846 4
848 4
912 4
921 4
927 4
941 4
949 4
953 4
965 4
966 4
984 4
994 4
995 4
27 6
40 6
54 6
70 6
163 6
193 6
374 6
407 6
434 6
497 6
570 6
754 6
785 6
832 6
920 6
926 6
940 6
948 6
192 8
496 8
919 8
191 10
495 10
494 12
