1000 9897
894 719
976 168
900 702
190 246
16 400
964 409
318 477
860 602
281 689
157 939
702 505
646 197
763 432
337 255
53 215
665 973
647 549
108 713
288 650
937 461
187 826
350 794
915 258
807 816
776 92
596 581
893 370
563 308
375 274
86 355
126 652
625 211
882 706
169 117
79 542
597 93
669 672
984 142
360 744
328 598
292 373
991 309
188 422
190 620
874 709
322 700
97 868
813 614
425 701
317 887
637 866
429 861
675 541
639 212
532 974
865 383
633 907
445 993
672 729
490 492
476 143
955 694
102 209
504 64
305 49
126 219
864 288
496 932
723 103
101 391
693 835
250 671
513 485
783 925
272 341
257 39
402 360
564 976
91 270
408 494
310 44
827 114
367 437
595 142
600 568
68 118
548 312
885 903
955 278
797 711
85 725
376 967
858 471
360 881
993 584
82 745
357 417
215 967
732 339
660 176
789 788
849 9
186 1000
688 137
337 829
301 666
237 796
807 144
648 615
984 646
243 439
834 878
858 152
186 541
189 458
54 848
268 991
124 225
380 347
830 429
707 290
752 393
843 802
961 695
312 858
83 921
709 821
783 238
770 731
698 337
937 186
903 917
597 128
877 144
74 335
229 278
170 698
585 601
32 823
587 7
715 458
143 621
592 415
443 783
886 17
816 356
446 918
641 276
457 447
675 569
805 166
475 186
871 421
816 950
880 888
893 734
965 49
698 988
722 815
439 142
166 834
831 664
224 642
546 536
908 407
196 385
417 468
475 346
42 811
594 236
443 312
102 991
488 991
396 594
499 193
64 930
272 607
937 943
332 935
684 396
668 777
570 293
136 231
447 502
472 738
368 915
831 348
887 445
358 614
915 785
609 548
811 160
835 542
376 705
195 391
473 361
860 403
669 179
670 244
748 652
115 197
237 145
920 855
226 738
248 918
209 496
651 537
210 624
364 788
61 788
968 120
246 101
952 215
238 690
740 350
759 82
301 902
730 340
515 877
516 94
863 161
253 735
630 199
264 639
870 598
9 613
966 197
218 821
537 619
594 652
928 710
763 595
356 923
585 855
678 472
365 851
634 492
472 874
113 427
89 372
185 690
738 286
266 973
803 198
839 764
70 318
521 921
793 988
392 835
444 516
883 293
702 939
258 704
701 620
831 525
614 151
727 492
983 838
270 791
181 504
73 711
886 67
59 788
480 719
266 70
585 380
841 714
293 879
93 525
945 868
450 282
432 817
867 328
345 624
915 956
509 829
242 984
149 380
480 557
389 429
11 375
419 666
792 160
132 449
150 798
667 23
792 207
744 200
670 208
138 961
933 514
592 908
901 270
117 943
826 549
757 767
937 652
136 113
268 630
804 896
677 414
166 157
702 35
84 510
265 700
673 303
880 373
643 403
203 408
888 864
961 20
299 909
672 97
537 805
240 99
176 708
98 1
484 901
174 858
844 758
224 471
260 903
634 46
600 114
396 71
552 245
218 949
681 407
884 682
369 675
874 448
140 124
614 456
643 111
455 949
573 242
376 496
68 494
657 319
518 482
315 95
391 226
935 993
179 333
684 679
701 543
6 959
193 1000
875 788
20 879
25 215
879 309
19 66
851 460
944 26
898 615
112 934
976 907
519 21
371 883
253 363
971 640
280 289
669 345
769 355
720 287
426 134
377 972
328 636
539 854
189 421
427 368
915 39
369 33
332 435
976 409
65 232
835 284
394 730
604 711
297 760
539 512
361 490
174 549
47 793
634 691
407 615
184 377
331 250
31 757
967 41
571 768
19 425
386 892
703 499
339 836
144 715
451 926
770 534
623 680
992 682
548 969
410 482
634 211
908 936
149 572
403 804
758 112
942 379
188 133
411 896
245 468
802 649
344 955
435 612
13 972
718 525
760 259
188 884
279 681
326 910
205 727
850 268
391 947
67 522
619 457
837 18
90 681
257 995
116 926
296 604
141 832
121 425
177 463
875 752
117 929
92 254
996 516
229 435
180 585
6 821
660 339
458 919
699 98
903 73
647 929
768 879
620 731
128 83
517 711
771 747
546 470
253 271
557 200
268 670
792 105
320 890
726 438
30 489
289 871
465 40
792 152
322 59
530 628
437 282
794 861
9 35
873 956
639 849
267 759
535 890
665 936
498 939
265 282
106 737
859 494
787 125
91 536
511 691
761 684
619 698
805 353
825 419
350 134
153 714
902 745
633 749
273 33
957 23
939 628
122 80
30 839
515 805
771 335
679 622
296 109
297 308
294 644
857 780
144 161
169 370
211 139
852 886
197 420
568 584
533 698
644 741
999 243
732 942
35 294
954 464
258 475
775 674
395 222
567 796
861 127
292 814
586 652
336 630
888 451
326 117
429 499
241 815
202 575
21 217
814 798
428 45
266 208
315 357
936 503
10 221
456 612
102 943
78 132
371 954
814 760
604 835
607 963
941 651
30 442
927 968
579 360
147 378
350 663
262 857
994 803
660 964
926 777
935 66
403 85
480 864
284 336
530 600
777 799
768 365
532 254
826 415
419 991
497 35
522 948
869 347
708 991
251 28
235 627
471 531
976 415
647 620
799 480
967 211
649 152
479 501
955 546
13 993
730 341
325 543
249 808
619 195
25 322
216 66
58 877
856 402
303 921
27 796
805 103
364 217
257 561
259 95
524 721
396 92
269 938
967 279
919 80
533 734
658 982
22 124
797 873
887 973
789 437
790 86
336 173
387 705
250 613
414 298
590 643
577 564
997 643
376 179
378 472
642 200
76 652
684 339
831 524
512 740
896 323
932 641
680 442
989 336
202 930
557 108
614 103
623 226
979 742
193 677
935 691
959 313
503 896
391 701
362 575
548 835
557 270
11 374
786 560
513 1000
722 753
788 149
863 691
223 272
53 241
401 368
844 220
367 529
484 723
748 512
821 252
878 391
881 417
702 81
152 589
762 676
484 674
679 323
479 489
317 30
999 742
856 336
435 79
617 395
274 307
627 931
99 218
118 42
146 14
983 986
493 590
776 128
658 220
211 210
965 837
322 713
453 113
791 73
494 955
687 136
653 40
947 375
291 251
793 669
425 609
690 47
585 195
392 782
549 376
842 242
757 453
577 615
64 350
49 14
90 722
920 391
370 464
956 477
135 216
159 214
732 180
163 147
298 630
28 991
712 952
822 429
849 257
153 314
427 951
245 932
820 646
789 909
171 426
307 666
987 12
823 674
4 602
601 642
391 566
68 833
640 66
226 76
200 473
419 697
207 994
800 664
979 736
592 986
428 170
901 502
425 453
461 447
228 414
29 219
910 802
380 305
825 164
535 849
717 846
721 267
902 992
670 348
543 982
285 994
409 677
700 903
298 383
672 160
912 767
986 768
603 307
155 395
800 68
378 48
216 139
960 282
501 182
429 953
820 318
701 13
889 277
616 571
943 48
452 637
14 284
607 231
297 360
211 238
654 716
567 533
861 888
790 316
741 770
886 469
616 729
410 184
589 846
914 632
594 996
866 769
194 964
121 334
982 875
262 895
951 408
98 614
561 326
103 251
106 45
822 367
634 860
510 203
976 699
116 245
499 231
615 237
655 682
309 362
498 405
758 735
798 166
453 715
755 71
992 275
385 443
557 197
171 406
48 347
641 234
846 221
156 401
525 824
414 841
952 368
807 146
358 546
445 592
375 140
837 887
159 671
631 383
707 949
726 145
530 388
215 660
381 652
169 804
186 906
565 142
882 770
630 428
955 946
170 390
834 161
428 978
126 863
218 394
635 55
672 59
454 225
962 395
61 65
65 390
156 891
216 22
70 913
108 92
2 401
360 130
312 553
313 848
580 966
912 264
966 223
325 237
734 75
809 144
258 182
792 994
690 149
329 123
112 325
847 281
244 834
351 686
197 52
241 972
258 472
956 167
872 826
482 570
763 663
69 10
103 90
989 169
735 581
280 815
962 983
373 388
374 999
233 241
604 256
963 419
176 95
324 111
107 617
860 41
254 232
111 865
573 652
79 455
81 669
214 92
102 940
964 31
490 118
132 713
691 518
928 696
586 632
915 930
609 713
183 474
862 742
108 847
695 447
590 147
204 378
132 495
924 579
394 302
933 667
91 808
254 676
119 959
225 930
890 728
392 195
506 737
656 804
859 303
109 452
828 367
204 88
740 122
587 665
660 795
38 211
422 114
706 41
639 709
838 581
397 385
623 525
939 450
498 686
778 972
874 889
718 910
307 547
903 776
154 313
136 260
299 816
304 742
658 249
75 777
990 641
465 949
835 787
430 21
839 843
810 607
500 345
840 534
69 204
589 901
148 701
189 127
141 320
624 268
272 241
704 148
797 841
457 772
282 345
11 941
803 89
533 800
970 714
556 391
484 442
853 799
97 54
694 285
452 303
56 528
453 754
963 189
198 922
453 643
113 754
578 540
742 779
450 139
825 941
404 296
601 726
194 132
301 736
604 991
787 361
25 678
87 288
255 898
91 933
821 986
241 112
132 225
542 300
44 892
450 988
570 957
627 644
834 118
526 800
520 473
920 595
918 954
647 992
482 92
981 118
842 666
435 78
459 884
818 693
356 756
251 502
198 147
571 855
827 705
554 139
580 911
338 526
909 475
737 700
535 353
937 99
452 681
240 835
847 288
260 528
580 685
433 204
92 327
828 51
139 318
55 226
370 752
921 192
82 188
64 351
802 581
585 83
728 2
537 272
486 181
733 236
572 814
49 239
803 450
567 101
551 672
736 47
183 380
650 371
499 187
165 903
394 53
840 93
467 972
771 753
538 652
479 618
372 474
492 556
690 963
432 991
107 863
646 926
656 601
155 977
136 685
324 724
808 997
897 340
204 386
904 472
284 362
87 343
932 890
702 272
43 917
946 734
881 499
870 80
613 780
869 658
798 662
730 232
15 136
237 488
674 120
807 860
705 830
709 862
251 180
108 347
757 578
994 276
260 176
958 427
743 691
190 817
49 899
545 774
626 865
711 145
252 602
950 799
75 243
880 482
553 412
537 775
939 667
444 27
743 401
303 462
161 895
520 162
313 932
776 268
317 884
299 485
710 245
605 449
554 897
853 659
585 877
322 861
697 895
718 531
224 211
961 562
488 712
287 98
254 19
804 16
798 676
779 266
175 729
777 175
935 903
631 540
870 88
357 891
505 968
141 618
92 248
917 505
12 409
305 353
107 541
99 925
585 791
580 212
855 306
183 497
150 762
501 898
120 463
854 654
204 343
229 228
584 461
454 651
333 262
405 649
692 371
5 65
769 766
38 805
920 894
460 143
742 656
561 717
263 777
105 729
930 538
834 951
833 205
911 806
772 120
60 442
703 384
800 97
986 916
36 691
929 572
70 918
518 942
207 347
706 646
662 678
691 102
785 29
550 287
245 5
157 931
943 836
782 706
658 948
453 72
187 372
743 155
466 453
505 281
932 58
496 628
387 743
338 139
937 360
124 920
306 493
861 125
921 184
709 191
589 595
606 691
845 553
77 447
258 763
650 553
655 407
304 101
547 163
328 107
201 483
438 496
556 307
794 328
393 721
447 354
461 907
842 636
935 649
229 38
637 425
660 224
935 286
632 279
400 462
409 520
30 440
582 645
694 963
401 616
717 418
775 262
781 965
746 498
35 736
414 938
164 985
845 510
294 332
995 465
264 783
427 301
484 938
696 786
859 302
878 126
497 33
42 198
427 442
312 906
129 724
60 632
117 633
651 619
138 522
468 789
158 35
92 824
843 80
455 398
18 804
634 166
305 690
363 132
848 520
615 658
355 488
605 408
182 587
755 72
743 302
842 77
257 977
586 620
847 508
840 897
723 194
780 395
67 103
286 889
145 644
59 218
297 577
980 322
620 857
508 579
241 888
408 321
194 686
33 596
126 97
932 316
880 581
862 565
10 364
263 82
158 956
287 856
258 590
854 673
278 629
39 847
836 468
33 694
729 913
487 897
910 631
870 225
662 495
320 902
961 781
967 732
694 60
181 231
637 62
730 832
33 400
362 588
59 612
835 7
780 700
884 598
48 578
369 58
924 838
191 321
319 668
19 176
795 979
333 560
173 795
85 191
530 348
753 582
916 529
611 411
42 130
777 461
961 120
100 924
556 551
319 626
13 771
493 699
847 924
23 366
99 220
136 338
834 281
999 625
912 435
360 752
969 550
933 67
938 747
524 608
875 316
342 25
943 819
201 797
553 48
662 754
374 718
339 907
770 220
892 741
491 196
623 996
352 509
646 193
540 504
690 45
704 88
474 896
914 677
112 541
959 849
796 641
746 852
448 575
585 82
894 164
738 400
701 879
618 170
672 782
140 812
894 55
201 298
755 592
595 246
979 791
339 436
512 706
287 828
400 592
521 150
449 913
176 247
732 468
954 970
59 674
602 788
176 326
877 578
937 885
228 186
216 674
507 485
678 524
932 788
775 334
11 485
511 432
207 925
484 866
986 236
750 125
437 692
720 48
887 188
934 471
187 830
557 820
544 381
138 706
838 627
293 422
478 98
460 473
958 424
160 485
717 575
776 47
868 445
355 322
49 531
971 405
692 835
830 28
273 203
978 912
616 573
302 174
126 402
342 703
914 340
771 485
884 538
442 565
374 806
704 63
351 692
999 200
712 538
527 593
132 909
272 171
607 391
757 54
960 216
376 15
853 515
638 491
767 205
37 630
98 899
314 973
685 330
478 728
392 911
380 606
456 54
495 895
649 252
390 505
90 551
861 314
776 802
483 684
621 878
750 626
860 246
276 103
637 388
533 147
536 339
875 668
262 993
86 741
256 138
223 436
168 966
907 365
176 497
219 309
402 879
977 647
450 548
281 666
856 974
308 69
471 667
754 21
278 167
564 310
801 204
547 544
55 841
208 832
407 480
851 918
644 285
826 728
666 885
892 361
471 878
937 190
761 546
584 836
52 791
515 665
165 16
784 796
114 632
1000 617
105 907
680 871
517 348
758 32
373 78
291 855
957 502
335 390
102 407
799 503
140 176
362 352
584 36
681 492
27 750
49 362
430 217
966 511
605 341
550 766
296 797
672 487
686 14
562 40
232 667
874 342
124 921
305 81
415 28
842 264
71 686
426 310
404 867
187 85
490 238
970 724
7 471
928 988
598 948
456 161
422 970
703 559
6 789
387 789
997 846
747 411
713 287
579 354
816 16
693 502
877 633
471 488
384 940
628 981
225 710
289 97
608 257
811 164
835 42
747 854
578 728
996 127
209 347
20 143
342 89
623 184
769 729
664 305
938 176
262 638
194 64
530 486
415 888
472 802
734 606
364 935
806 202
772 508
763 43
657 890
948 143
472 64
697 649
327 194
265 533
13 879
90 909
973 861
853 391
917 922
757 859
236 673
45 687
264 426
819 440
198 667
841 336
257 935
102 435
504 158
273 445
202 493
22 80
9 517
983 655
767 52
262 466
229 896
80 6
436 1
269 538
128 978
810 782
82 105
580 504
393 530
535 137
968 410
362 905
510 257
497 53
492 991
12 418
767 197
167 774
579 350
998 276
525 924
416 426
492 765
458 829
850 791
542 225
40 318
381 511
77 998
921 219
768 221
553 857
845 481
426 49
693 29
535 846
368 736
185 895
89 138
402 89
866 466
964 673
722 654
925 299
673 434
13 945
216 259
442 990
476 717
826 656
169 243
674 604
566 726
882 731
921 793
392 881
717 14
50 265
876 914
878 599
974 848
648 462
463 791
818 770
434 59
515 894
148 893
990 28
23 79
687 36
636 652
72 527
642 359
606 76
205 973
888 689
210 869
836 561
49 289
665 377
698 702
667 607
496 558
729 807
926 966
144 394
44 371
434 639
111 709
404 795
221 621
443 247
742 489
484 457
512 596
168 574
499 12
662 281
408 124
524 282
195 148
33 337
537 161
591 274
977 474
834 613
393 889
51 885
694 25
850 14
927 909
199 490
751 73
485 421
255 979
146 261
303 425
270 383
233 549
916 720
27 443
63 297
583 678
644 314
540 891
118 363
212 740
913 335
511 872
807 815
131 278
350 174
722 773
687 885
501 258
832 296
554 141
212 442
368 200
249 240
62 604
362 506
821 657
862 39
645 451
792 905
762 123
637 893
597 41
931 746
628 608
999 203
676 190
399 817
575 868
944 766
490 120
239 423
477 366
745 486
586 798
680 343
631 803
956 508
940 793
851 142
712 840
729 814
399 580
422 943
8 847
831 577
636 707
634 629
138 510
671 40
241 609
79 413
341 582
402 586
111 44
828 900
599 971
357 491
677 909
613 251
526 674
641 944
788 833
208 35
542 72
587 609
829 548
835 367
40 651
100 887
707 297
605 974
535 999
113 196
674 178
722 854
905 206
705 943
786 59
719 342
865 722
117 645
30 824
364 98
169 84
562 741
174 807
947 101
192 2
28 440
835 824
468 183
866 258
921 499
369 670
761 236
541 758
374 681
865 195
468 294
473 648
224 258
201 54
240 540
280 643
409 33
84 869
927 483
396 361
51 415
461 845
79 162
897 661
429 495
819 539
722 575
145 952
370 393
614 236
82 21
615 189
381 7
606 576
461 943
745 252
907 93
451 105
589 435
827 258
332 988
43 275
688 76
428 335
858 436
694 86
590 103
385 388
873 209
206 372
587 815
20 240
828 799
686 677
265 207
525 857
935 126
579 16
138 982
6 513
366 336
459 158
118 311
338 997
963 798
592 52
313 437
385 832
574 659
687 719
489 788
53 443
551 396
557 746
94 329
636 788
251 382
881 155
899 964
41 492
260 138
389 554
343 310
13 878
655 259
3 310
308 670
348 579
938 757
304 816
531 382
952 937
353 172
117 443
374 282
819 443
434 999
970 53
255 13
352 356
776 454
669 870
344 968
607 329
900 623
741 839
151 311
410 255
853 585
837 180
110 782
201 210
519 616
222 632
101 585
376 72
620 859
785 426
469 961
650 632
651 257
284 814
232 519
528 84
656 409
585 5
537 426
371 124
907 232
968 490
287 858
242 755
43 494
444 871
747 390
608 192
372 449
500 574
159 429
788 435
829 793
702 537
3 945
579 494
48 358
67 2
33 406
402 805
384 824
99 693
134 372
617 176
564 457
176 442
147 883
750 500
381 623
672 90
727 330
502 717
466 272
30 692
32 249
795 548
62 101
526 948
750 214
575 425
30 598
416 966
627 566
497 301
320 354
83 755
342 951
240 9
807 667
331 162
478 23
621 189
311 429
61 134
20 77
526 496
288 494
71 301
753 734
44 703
942 352
822 970
787 629
919 112
923 373
1000 832
435 527
280 588
684 750
641 597
481 444
28 821
603 999
250 645
415 215
310 427
257 221
41 678
119 857
78 261
553 783
970 65
909 490
546 460
193 924
180 626
537 55
955 256
483 515
390 61
29 659
216 902
35 314
567 407
826 31
737 739
760 791
906 87
507 461
195 36
893 197
930 49
219 442
166 541
560 478
564 574
255 845
829 942
8 656
176 422
816 840
622 223
973 40
146 258
493 89
613 952
299 288
838 855
985 257
342 134
255 931
276 624
82 835
856 530
764 427
359 961
34 574
226 790
9 996
29 505
153 753
587 384
861 545
562 766
697 561
537 543
61 170
13 7
921 534
376 307
249 43
196 614
767 489
74 134
202 467
157 845
567 902
291 155
5 837
118 758
546 671
303 544
287 111
183 14
931 88
845 514
663 369
499 122
7 493
708 270
451 255
305 707
822 274
715 846
898 290
422 940
764 549
33 643
147 391
762 206
958 605
86 648
413 216
422 654
560 107
55 564
648 670
96 587
833 646
261 149
872 444
926 153
454 654
733 689
996 69
216 559
534 800
566 443
455 46
898 793
702 307
540 698
794 431
384 526
578 404
905 124
9 951
838 962
648 788
442 915
490 157
677 337
308 276
311 759
809 761
498 646
999 554
88 950
674 645
715 115
684 661
539 257
355 352
598 300
913 84
682 283
688 952
140 291
433 303
507 666
993 343
780 275
50 48
931 649
292 117
888 746
524 776
169 282
755 634
149 829
701 864
465 760
373 287
305 87
914 954
841 736
956 274
580 390
343 360
496 59
606 694
697 151
205 327
870 123
33 574
840 186
968 463
664 968
827 404
735 235
851 282
945 993
12 440
909 646
242 863
372 494
301 982
858 437
807 332
85 612
108 843
159 601
313 105
846 829
835 44
341 955
12 877
971 476
550 873
313 218
975 840
392 199
502 742
433 941
103 957
971 429
311 900
111 406
919 709
223 328
842 629
488 847
521 255
207 708
455 304
997 482
191 447
553 686
184 327
294 956
441 600
868 273
562 932
321 849
813 885
374 121
344 60
182 812
952 827
917 823
830 828
787 940
895 798
438 648
296 78
776 376
460 705
192 111
670 852
108 211
435 389
398 571
296 989
403 867
763 617
362 322
207 325
148 697
365 845
477 179
171 872
279 88
409 147
295 146
999 18
585 810
417 680
717 155
598 382
957 762
24 123
154 249
533 112
897 791
571 376
457 776
894 30
343 268
756 219
10 363
29 541
970 601
958 650
870 502
966 215
687 17
681 795
263 387
834 543
335 766
410 803
132 568
940 151
552 919
1000 158
275 464
8 757
376 739
341 863
927 568
293 732
975 812
801 25
364 743
347 467
242 263
613 788
872 146
781 712
378 327
855 827
749 212
498 186
660 827
165 355
520 334
264 12
708 591
325 621
17 308
901 192
743 651
910 54
397 417
863 114
791 753
387 215
316 215
355 299
566 839
143 562
537 815
735 948
352 547
135 642
639 424
70 989
554 774
738 107
739 286
596 381
447 781
212 134
676 309
861 879
800 714
98 381
101 650
726 635
782 697
805 888
40 446
49 432
527 751
328 377
326 932
672 658
247 394
193 881
858 809
451 373
159 76
422 822
24 705
871 201
374 803
451 258
703 528
44 147
390 419
138 472
656 277
452 248
309 273
534 362
936 549
224 887
777 743
6 211
229 490
655 706
710 619
215 75
876 775
879 416
440 335
681 887
167 804
928 740
640 168
536 489
918 727
703 839
940 379
941 718
835 87
157 127
259 915
691 631
389 28
542 82
677 713
154 366
603 241
169 819
920 661
66 93
804 851
159 964
454 988
164 637
937 310
985 441
743 862
662 34
454 418
252 743
915 267
868 297
601 242
710 444
820 404
436 413
429 948
865 406
973 867
834 491
808 210
844 528
795 508
482 817
926 774
853 302
1000 814
838 50
307 239
330 237
774 842
244 875
746 988
183 920
297 525
317 594
563 870
451 448
838 220
931 970
278 871
798 630
489 166
382 256
348 255
115 796
277 53
280 839
747 291
231 658
442 887
422 941
495 233
244 303
471 80
862 899
77 249
902 490
542 797
500 704
357 89
729 974
567 506
147 503
974 488
650 482
210 429
907 273
366 88
703 891
885 836
393 996
836 280
622 265
697 182
22 561
117 847
479 872
824 303
165 473
995 262
319 832
359 919
125 29
830 84
946 593
17 355
660 755
203 120
888 244
910 160
781 609
19 346
147 657
791 712
259 331
387 158
830 182
616 382
777 572
821 977
264 585
464 906
448 15
303 899
677 178
785 17
774 935
748 235
300 538
925 853
147 603
645 690
808 93
476 251
945 292
698 38
942 123
690 496
508 571
126 254
879 548
98 519
248 104
357 778
508 426
897 955
201 278
609 113
846 326
370 391
576 358
310 773
67 381
712 870
842 489
509 940
641 235
426 516
353 556
119 689
873 437
746 77
864 839
953 493
976 954
69 305
355 519
200 312
954 897
209 190
655 939
289 102
751 18
570 200
168 933
635 573
707 574
60 790
960 876
427 289
200 431
739 984
441 893
207 854
379 217
445 861
281 996
730 61
215 695
679 196
940 682
618 672
398 252
403 678
99 87
190 866
178 858
295 869
791 96
339 661
886 197
274 747
361 623
785 253
144 131
255 15
3 72
61 446
739 370
446 772
218 943
93 209
365 844
552 110
304 328
323 564
909 229
288 785
163 415
145 632
420 310
595 384
978 264
872 795
597 594
653 224
325 383
607 617
319 401
68 151
716 356
344 663
20 850
538 915
81 804
965 304
200 118
556 275
336 374
798 893
470 993
287 725
944 390
384 442
497 901
214 506
806 734
95 557
617 37
746 323
953 235
756 664
918 699
155 633
872 501
882 18
989 878
668 441
635 950
308 470
216 488
177 806
623 217
610 648
989 927
916 661
48 981
167 603
214 836
539 573
887 69
913 352
677 391
606 503
330 818
75 408
692 196
730 307
161 628
147 713
956 689
648 98
79 514
687 963
430 344
108 18
990 112
95 276
540 167
797 987
687 944
635 355
967 352
600 978
623 770
93 275
19 624
849 925
222 169
960 466
331 995
643 585
504 846
691 162
875 193
306 252
199 651
278 750
847 303
984 530
123 917
454 351
258 490
331 736
546 889
158 595
395 143
163 443
609 223
828 447
420 932
850 291
297 673
83 240
555 890
849 601
376 213
374 800
177 420
694 323
841 909
953 587
537 388
447 337
768 880
876 753
683 845
197 587
629 584
388 528
171 416
730 263
928 741
746 276
587 792
107 850
402 756
313 55
920 73
137 353
243 419
392 305
726 284
893 293
263 234
102 854
48 610
270 161
164 876
937 420
424 753
367 563
5 92
632 672
299 691
398 5
422 191
958 477
49 821
978 998
32 69
35 870
87 545
715 248
933 769
56 331
837 748
530 110
908 577
527 153
507 914
915 379
75 246
740 748
99 252
744 743
563 173
340 242
51 65
587 19
951 978
866 70
39 992
460 699
10 906
796 829
377 115
654 135
863 246
343 770
827 593
993 329
173 319
726 533
625 390
940 235
455 513
793 722
980 160
283 688
707 240
31 822
36 88
310 363
628 658
408 415
999 85
909 813
748 347
900 615
885 158
139 174
938 507
702 923
210 249
374 780
712 843
340 916
270 807
306 548
642 138
348 367
168 541
483 720
444 698
233 57
739 675
419 492
873 105
341 579
729 973
453 693
517 704
20 104
718 67
314 269
501 909
229 158
730 661
217 638
688 129
561 917
5 955
683 390
756 720
566 337
859 217
271 127
627 293
26 830
267 748
664 328
108 293
470 324
721 506
194 282
30 940
680 589
898 120
574 41
446 700
527 253
450 547
164 501
438 764
102 334
27 87
635 442
992 589
442 610
61 204
833 827
799 610
452 607
974 585
345 369
531 523
923 142
191 942
468 289
448 876
718 705
205 914
390 556
62 857
174 119
893 613
50 129
173 150
275 796
247 435
171 927
244 255
24 463
694 489
586 174
823 143
475 447
519 662
228 683
245 723
67 751
512 608
187 198
44 197
64 523
563 611
474 358
475 195
281 318
870 456
928 847
964 5
986 234
327 967
826 98
135 316
393 805
712 69
397 789
90 857
876 840
978 263
493 364
115 390
638 854
90 200
806 514
55 538
195 399
802 445
768 245
164 966
5 242
748 644
825 117
534 863
651 529
502 791
708 966
412 11
269 398
94 445
259 648
172 651
856 716
203 103
497 262
761 593
522 657
381 908
754 358
354 120
305 548
322 474
565 398
736 768
465 798
653 859
486 756
527 838
452 556
736 767
74 506
917 934
667 612
59 386
244 910
830 909
173 502
57 938
785 252
18 741
934 991
726 869
169 343
705 293
946 9
618 800
849 850
151 304
693 993
767 48
386 749
130 205
115 953
477 290
443 126
265 661
407 539
673 368
434 599
719 34
386 274
315 440
686 153
269 325
965 174
713 221
897 902
901 950
116 132
233 96
271 578
932 648
664 806
280 47
997 878
390 84
484 311
584 221
215 161
306 895
453 764
312 384
245 612
167 770
918 606
724 665
102 733
837 646
38 565
864 812
518 227
295 94
172 811
85 518
767 682
362 879
742 924
998 618
952 302
551 254
879 221
937 574
65 875
816 749
678 711
271 183
186 989
974 110
47 924
910 282
15 178
40 582
757 711
523 583
852 804
268 622
325 619
934 63
942 538
322 399
711 171
806 69
757 537
204 943
412 700
655 352
804 622
57 699
598 362
987 925
735 967
631 790
465 907
464 951
374 357
597 45
912 342
331 530
614 623
727 196
31 861
359 64
343 607
128 660
455 941
616 883
193 710
487 284
179 535
737 1
594 906
871 122
50 984
362 70
805 600
185 583
813 61
137 932
500 968
841 908
181 435
550 996
276 473
577 922
907 9
121 518
146 957
715 820
42 634
262 111
185 8
263 194
487 928
695 223
953 292
901 588
363 955
290 495
203 530
811 851
388 928
190 364
284 753
362 289
416 313
289 45
769 379
424 980
78 481
815 744
153 871
509 571
468 628
713 791
864 645
308 194
462 866
411 796
104 282
655 49
159 966
22 758
294 107
150 2
649 72
212 736
86 265
568 120
473 244
436 488
575 351
835 546
181 935
787 839
860 919
320 240
781 349
161 461
455 738
312 532
630 148
728 156
549 82
587 227
23 111
830 581
122 294
2 166
870 993
102 383
893 576
71 567
468 381
177 170
625 534
275 771
984 262
425 582
857 587
841 78
272 294
990 425
314 982
461 677
44 339
787 443
215 410
253 195
245 623
124 592
16 835
254 863
993 869
621 873
380 825
381 208
458 927
875 534
720 469
37 949
392 496
284 455
341 563
930 80
931 409
200 365
627 6
898 754
651 421
262 885
284 725
177 899
52 297
329 996
626 882
347 383
96 573
156 247
588 314
237 164
60 739
830 459
337 726
212 550
216 417
17 720
308 497
440 169
646 285
104 374
485 679
346 741
759 65
284 153
390 321
19 348
956 651
173 751
283 83
467 430
840 948
25 34
678 120
783 175
355 357
491 101
627 785
838 397
244 986
112 687
412 906
179 945
589 922
564 990
790 211
974 620
633 942
230 300
783 730
440 862
921 273
965 56
111 648
771 883
614 273
689 174
97 368
266 841
680 311
771 896
866 542
461 986
862 814
176 86
569 993
271 617
20 815
385 254
168 762
461 939
297 922
617 813
944 75
746 75
402 539
202 793
385 367
495 124
860 326
57 407
391 742
512 429
414 797
71 924
419 745
630 967
275 663
670 82
68 640
125 977
971 465
807 175
593 103
817 671
892 53
621 657
859 292
790 998
937 594
830 487
744 100
526 988
798 833
979 767
276 555
354 279
372 988
856 717
468 787
19 267
367 731
687 696
853 160
801 461
955 323
865 754
80 634
660 290
929 609
183 542
726 880
340 43
969 669
17 248
59 389
519 25
10 835
749 706
538 477
611 801
776 458
142 627
193 584
156 628
144 20
917 647
524 815
436 852
429 45
177 220
417 685
609 177
801 714
957 759
906 635
11 853
141 391
289 619
680 132
258 294
386 275
102 97
234 185
145 920
225 426
139 70
345 861
896 347
236 878
699 142
112 804
564 768
68 951
819 793
128 100
423 407
745 109
306 222
368 936
848 354
636 257
983 44
333 434
750 265
493 224
157 9
51 570
432 520
536 174
20 263
223 413
955 676
424 173
891 290
311 997
189 265
393 284
415 859
511 738
57 879
540 876
855 933
677 389
74 682
517 108
866 350
151 802
429 572
857 1
30 997
126 670
970 480
981 716
44 917
61 17
635 500
339 691
44 726
933 77
368 161
560 329
981 337
984 43
912 312
862 76
41 238
574 448
889 498
136 694
981 450
718 655
679 703
974 565
560 729
922 912
889 99
376 394
382 160
398 645
240 713
828 458
560 680
460 966
227 981
429 17
947 492
141 413
948 851
189 425
874 171
582 232
909 920
789 322
457 809
302 888
577 1000
906 750
598 902
747 312
710 844
491 518
992 33
314 21
812 244
426 587
79 279
281 324
305 382
751 257
37 783
422 535
884 230
353 618
281 501
177 907
883 38
497 935
229 120
751 231
811 850
812 425
787 285
167 7
725 617
983 417
252 429
143 46
475 758
151 755
782 403
103 966
381 675
983 542
610 682
609 837
427 504
800 894
584 517
161 685
825 285
899 610
916 588
991 136
683 203
265 374
283 938
820 480
181 694
623 477
75 27
458 353
331 173
355 251
322 400
144 912
435 179
860 912
117 349
977 724
264 265
904 159
206 398
143 531
119 905
705 194
373 116
834 486
601 401
88 252
823 353
575 909
444 129
884 663
372 250
768 708
219 560
72 241
330 379
974 141
885 235
563 875
988 228
22 396
280 731
64 690
895 279
823 218
954 295
906 642
68 233
369 67
72 236
860 93
893 963
223 783
8 884
245 543
266 180
340 773
757 547
897 126
55 274
751 138
672 411
392 497
690 926
55 560
24 156
868 805
7 941
522 389
125 972
492 593
95 756
167 43
171 172
48 689
32 278
124 132
716 320
404 7
578 353
706 170
858 17
949 454
860 679
129 705
20 909
501 463
797 178
708 627
674 959
624 638
731 690
971 227
204 786
330 840
4 9
819 132
506 137
640 529
365 434
956 891
62 402
70 905
435 316
93 296
934 806
23 29
635 301
732 641
640 831
465 173
753 666
207 209
446 879
801 876
179 944
272 126
577 261
260 727
325 803
932 33
3 271
90 622
244 249
651 395
250 598
418 810
321 62
131 723
373 396
569 887
842 389
257 25
785 981
352 153
963 427
253 87
145 844
862 979
135 425
907 80
656 336
380 862
418 127
217 496
522 377
635 720
615 414
854 562
603 627
430 38
573 870
783 614
404 284
775 383
636 365
29 121
590 266
284 425
837 851
290 758
700 865
976 505
82 884
104 196
655 251
252 324
255 615
536 881
350 841
920 720
837 980
652 851
669 939
986 849
165 220
382 713
479 268
995 914
632 952
31 692
527 211
438 734
991 486
919 133
1000 587
361 963
553 477
886 75
619 844
175 279
144 134
865 332
576 13
157 896
545 658
197 399
697 847
738 165
500 208
407 676
488 760
854 298
342 77
456 406
185 696
148 564
757 488
903 452
547 358
552 432
117 142
158 788
345 819
896 429
616 867
3 521
81 793
484 418
746 29
28 972
180 923
822 478
845 671
920 338
884 131
524 927
841 752
402 636
115 503
133 764
725 882
192 898
67 120
161 227
772 965
275 359
280 207
579 469
964 281
548 600
733 580
220 569
266 900
545 310
650 931
731 431
454 714
481 872
868 76
342 209
590 401
666 120
143 480
981 796
971 218
865 819
921 961
593 364
669 911
375 402
892 312
237 397
725 392
874 818
284 194
394 782
640 20
39 616
689 204
767 880
364 167
277 744
351 955
955 929
361 959
88 225
142 450
795 20
120 690
516 730
504 849
47 323
549 13
477 98
405 261
559 484
50 244
549 158
473 715
812 741
426 903
300 876
600 154
709 472
359 211
733 450
145 601
845 648
961 735
858 821
654 840
125 483
641 330
953 584
664 917
276 475
495 209
1000 640
599 735
908 288
965 273
366 870
385 293
24 483
654 951
306 865
58 142
523 72
724 703
270 539
508 34
861 375
204 299
25 616
674 71
731 26
579 609
698 321
312 252
954 823
367 862
890 681
378 389
472 962
414 997
664 448
756 622
890 536
63 454
377 587
57 612
660 884
75 316
901 14
484 760
213 422
235 562
713 998
383 247
517 62
369 168
441 555
687 642
672 185
506 3
161 995
648 178
265 710
458 241
922 672
43 585
246 112
30 849
161 902
92 622
454 13
737 615
995 827
541 635
175 173
141 77
363 69
413 188
403 814
758 78
822 866
457 645
343 908
571 617
878 855
383 415
87 831
520 825
373 149
67 982
581 761
361 693
72 928
55 169
219 928
71 707
168 482
410 419
243 903
749 828
816 269
465 433
817 36
638 204
100 698
25 185
98 833
149 397
875 635
661 12
721 785
385 82
813 193
580 220
396 171
983 241
548 434
487 966
824 492
348 392
793 301
560 96
519 146
231 175
378 865
742 971
191 83
180 480
898 867
60 782
151 673
670 135
177 786
952 488
751 984
809 545
460 802
9 41
7 594
160 203
824 162
664 331
442 386
795 995
225 795
544 289
311 861
113 254
632 814
673 380
71 61
800 650
296 313
272 104
619 581
965 593
235 828
58 863
311 137
236 418
425 885
120 635
303 892
287 411
35 498
261 26
33 48
887 626
410 114
196 583
594 512
331 732
171 771
667 134
351 657
429 199
70 315
222 902
560 625
625 641
64 671
780 253
491 560
663 656
7 460
581 999
40 355
272 959
289 551
648 920
935 560
530 906
271 664
419 397
617 956
985 896
362 705
219 72
559 822
157 178
431 599
604 861
660 95
932 964
901 275
962 259
985 674
587 946
364 617
592 780
901 420
941 931
19 625
56 185
114 467
901 53
47 901
284 473
51 510
678 809
19 156
226 872
423 902
652 844
781 560
88 889
566 594
109 221
339 552
817 968
658 460
921 774
78 923
192 838
212 393
260 50
680 699
753 859
37 98
645 355
464 874
891 821
421 387
934 835
404 714
352 651
687 9
727 972
502 321
16 434
148 727
735 893
727 957
559 591
895 123
219 714
141 583
511 354
738 162
500 209
937 812
656 241
912 11
366 766
899 279
775 760
997 568
118 336
361 286
198 455
332 649
82 96
907 145
878 293
875 805
768 761
110 626
400 733
926 286
496 35
628 26
600 763
712 21
569 620
238 257
935 677
246 796
462 486
252 165
60 976
205 217
483 459
565 777
234 635
186 646
858 180
806 444
57 147
76 217
479 172
81 373
998 760
470 417
147 394
203 806
172 242
772 1
397 762
705 809
43 846
943 339
36 541
329 621
649 162
354 168
227 394
450 610
999 536
312 652
611 16
722 939
321 834
682 333
701 255
185 137
84 231
819 108
380 938
877 478
97 852
740 554
200 256
269 964
81 40
771 30
274 602
371 482
889 267
390 600
121 207
107 492
37 457
40 419
576 21
831 999
614 509
709 455
638 503
875 995
953 361
605 150
54 644
789 479
221 237
75 781
108 775
374 949
445 344
334 39
409 908
798 406
582 377
54 357
698 778
182 107
383 574
465 485
306 62
624 13
528 47
741 313
48 474
360 348
747 600
591 283
974 401
189 871
281 612
673 954
121 869
285 436
556 17
171 53
545 352
734 43
642 742
962 331
207 729
397 572
823 602
517 795
313 277
80 248
722 587
587 715
380 331
697 127
402 37
648 853
892 790
925 407
18 213
401 219
574 934
84 932
837 191
293 430
921 845
98 214
653 702
507 918
454 243
636 412
593 617
8 161
563 996
209 864
740 248
140 422
460 695
355 475
679 879
912 294
469 591
531 444
606 128
771 493
47 624
151 407
887 617
836 653
28 450
620 100
303 712
883 682
442 428
23 217
406 195
395 862
362 135
235 159
539 741
529 999
934 629
10 635
598 710
432 473
178 309
275 885
383 764
386 294
831 872
68 538
728 731
654 711
489 169
93 823
665 174
470 579
197 777
909 769
851 260
543 90
836 208
582 500
660 358
440 641
132 735
410 258
650 284
318 742
837 714
984 786
806 651
42 748
258 929
514 320
104 957
785 944
510 653
242 23
849 5
812 399
996 252
747 866
786 622
864 582
8 690
191 163
905 938
699 628
260 488
887 235
356 369
817 705
602 105
582 963
241 55
565 170
316 967
722 702
852 753
265 263
947 735
125 669
311 860
51 131
235 686
587 469
446 890
645 253
353 447
654 69
274 369
576 913
669 664
429 915
140 330
808 292
710 490
644 970
135 705
616 513
821 796
583 199
71 499
684 798
459 533
188 205
80 846
670 909
235 234
254 346
1 598
535 17
847 483
637 907
139 480
14 992
515 93
737 989
205 543
760 298
758 885
898 254
774 597
822 321
344 640
861 485
956 415
645 578
263 97
546 415
750 935
292 567
332 580
741 736
870 460
980 644
51 916
129 246
258 656
685 985
712 73
416 390
125 140
171 721
186 386
310 806
485 892
821 346
287 530
96 621
200 539
475 643
354 560
797 114
765 318
640 435
368 764
648 926
209 492
817 749
627 690
526 850
854 111
972 222
844 754
167 444
406 732
528 850
502 53
813 879
450 628
382 606
737 573
361 176
943 13
947 70
141 3
882 509
205 848
773 718
979 345
889 728
718 694
956 127
562 482
945 490
726 593
662 969
314 683
352 490
558 142
207 36
724 114
282 397
67 913
906 93
32 700
608 667
420 307
374 479
483 929
562 196
690 401
193 879
479 932
804 153
491 910
116 17
245 156
16 369
289 729
932 293
951 75
21 331
115 219
825 616
3 664
929 410
110 333
826 2
917 169
850 892
564 690
20 44
702 512
660 124
661 293
242 95
168 902
777 824
104 4
820 890
531 777
513 790
363 654
398 387
274 245
800 604
61 731
561 691
491 174
178 537
953 15
647 581
618 823
490 918
471 953
554 95
458 328
222 481
189 232
820 446
948 363
108 504
596 251
795 200
706 293
320 668
302 296
984 191
87 894
41 950
631 893
998 521
636 533
718 144
639 342
841 491
344 141
64 28
304 523
554 566
984 477
137 29
398 537
879 916
817 611
805 785
235 766
292 139
974 939
235 323
898 55
754 989
945 371
477 258
371 259
984 618
359 847
456 3
976 714
453 342
6 939
662 166
298 637
81 891
210 161
263 169
504 382
932 680
811 937
208 386
51 972
807 445
749 948
59 701
30 110
90 797
38 597
898 746
648 745
349 780
902 34
111 500
312 254
943 585
678 660
593 428
80 249
179 266
485 574
414 634
158 809
42 77
834 33
962 106
837 17
954 370
302 618
142 44
776 73
152 803
282 926
915 382
40 836
921 765
830 879
101 459
97 774
829 77
505 41
622 636
607 232
581 461
611 890
934 465
193 565
432 331
692 537
475 431
628 671
330 358
975 106
978 314
410 318
563 876
650 936
502 58
757 272
214 891
361 469
291 510
385 101
443 299
340 130
124 620
399 588
883 233
21 58
335 926
712 991
710 574
73 651
661 10
148 179
6 177
361 128
135 77
682 650
423 88
426 332
967 671
968 775
841 543
163 615
755 193
263 448
147 710
453 978
350 566
995 447
521 848
467 886
752 34
69 982
842 603
93 429
312 9
556 788
262 651
856 582
815 255
388 53
570 507
686 994
47 848
388 639
877 97
346 731
368 447
957 890
130 690
961 398
620 767
905 441
359 627
431 102
588 107
91 645
142 335
131 378
28 312
398 437
485 901
614 894
814 396
729 180
363 146
623 720
517 323
776 323
959 754
636 605
406 125
154 458
204 601
541 895
585 823
329 306
839 638
879 957
609 169
24 609
851 84
28 709
14 912
41 260
227 895
448 624
103 272
340 582
345 980
749 798
219 831
167 567
97 351
318 929
390 466
696 159
67 83
722 61
266 395
345 758
367 77
975 642
46 626
103 583
786 689
417 178
466 545
891 587
659 434
876 980
346 123
440 508
99 641
615 718
191 113
981 634
403 97
186 595
960 866
709 645
372 826
564 364
87 273
935 199
630 741
721 319
596 829
562 893
370 831
237 21
648 878
186 949
795 961
157 756
872 204
319 755
757 671
204 817
833 167
514 794
56 264
960 302
812 839
545 964
819 229
746 995
408 632
970 347
883 982
883 661
745 689
348 714
809 104
994 52
46 129
28 404
838 493
952 544
610 4
425 513
857 547
887 592
525 237
865 197
175 468
657 445
148 576
226 396
500 211
639 96
183 990
365 983
373 508
714 280
879 582
205 927
217 969
922 205
135 232
194 676
150 216
426 595
287 921
372 299
724 960
306 745
770 312
665 22
149 173
298 553
962 720
500 663
347 553
807 408
506 316
115 504
152 110
458 414
797 642
945 663
342 289
168 258
310 771
276 611
160 952
626 807
309 73
807 254
702 400
531 776
824 382
364 591
902 498
57 145
850 558
742 608
29 203
748 627
304 733
679 192
137 888
377 789
29 380
692 428
929 950
273 810
695 811
402 78
796 386
946 531
830 116
42 136
445 93
598 141
302 446
531 196
952 879
290 874
700 725
113 277
97 904
922 587
170 724
298 417
874 832
494 443
89 476
880 171
2 445
972 417
666 596
175 138
874 324
529 436
821 644
865 508
993 295
889 502
726 515
657 8
850 142
128 762
537 594
227 584
509 334
794 210
724 151
232 845
374 536
527 756
408 234
390 376
987 604
269 565
664 617
102 964
802 971
383 771
680 499
561 48
120 224
34 144
551 597
349 617
465 116
637 502
548 409
328 828
592 537
252 203
859 981
842 781
504 947
994 884
3 917
951 940
873 145
105 319
972 803
39 116
721 101
61 540
865 555
906 177
673 154
662 287
530 517
323 257
219 336
312 110
539 753
189 440
225 999
742 524
138 918
583 520
143 766
747 934
136 139
63 336
302 760
273 790
165 256
312 844
403 375
156 69
69 676
910 106
51 19
511 787
666 918
887 468
433 601
681 179
942 682
835 694
761 976
930 862
113 386
95 374
481 422
590 45
730 400
339 960
605 421
252 819
182 670
109 598
421 430
351 553
852 2
211 250
906 778
781 58
309 777
112 341
240 666
171 792
562 427
785 328
624 240
897 694
558 199
64 263
818 144
69 26
141 445
127 788
57 423
903 265
762 469
600 488
732 253
867 818
767 981
589 565
21 57
295 430
868 636
278 600
907 40
360 299
125 117
733 886
937 957
884 198
772 777
935 367
542 151
390 160
306 915
15 282
918 650
78 343
544 983
539 43
446 155
33 936
768 239
952 380
646 478
68 568
800 579
317 263
523 420
467 742
274 58
699 743
838 570
517 372
952 201
899 578
498 559
280 332
51 133
553 715
131 381
758 284
897 872
298 470
13 953
433 581
531 252
750 492
296 203
866 946
558 551
624 943
715 504
737 640
256 925
939 930
478 358
279 115
831 654
307 959
279 575
967 294
861 831
952 517
153 864
230 342
250 368
953 969
455 995
278 56
512 230
282 439
490 50
684 621
102 239
908 54
489 250
895 422
219 897
951 496
793 978
480 467
872 949
638 156
491 565
989 302
441 488
614 229
101 318
563 617
175 887
954 182
112 829
441 345
348 504
833 856
724 643
690 559
107 899
203 576
263 406
10 562
431 592
720 325
738 914
578 703
480 910
542 2
603 16
768 203
109 295
474 164
534 826
814 684
96 845
649 425
873 907
801 230
405 8
288 31
125 718
40 592
665 919
62 193
320 480
66 156
359 513
969 981
198 385
626 452
666 863
938 984
226 982
522 667
123 322
400 487
807 750
78 926
94 375
569 879
196 881
450 513
731 944
62 434
65 382
171 608
752 16
558 946
960 461
743 466
826 748
785 246
658 892
400 20
990 185
630 64
652 354
340 278
761 867
903 435
631 558
227 956
871 511
782 596
1 289
534 245
629 57
17 349
598 780
749 880
571 368
590 652
383 694
496 794
337 282
780 156
646 765
205 355
672 876
180 615
127 514
702 804
455 409
996 449
281 284
980 666
927 893
921 813
756 449
793 224
371 869
655 615
693 464
640 196
848 359
172 801
302 912
301 579
42 309
958 895
390 706
102 561
474 184
481 876
389 177
941 900
438 393
365 50
368 282
80 174
963 741
86 116
250 86
237 504
94 387
576 654
846 690
977 961
597 360
563 440
456 796
167 418
598 130
964 872
368 87
791 777
743 528
874 833
856 460
182 768
697 540
798 130
597 59
261 712
896 978
917 964
773 544
19 540
304 525
822 963
81 701
888 699
889 102
139 477
636 757
862 339
923 509
301 449
374 537
182 332
554 691
938 663
875 885
179 650
932 500
21 179
918 163
461 780
10 854
436 638
715 861
370 24
708 418
67 314
470 917
732 56
36 487
793 164
154 630
138 83
281 569
215 67
402 604
497 858
428 264
472 680
453 875
594 347
691 783
33 73
683 351
199 476
347 361
310 927
204 438
86 950
803 522
403 371
369 66
901 505
595 684
544 999
251 98
345 233
57 797
976 453
742 668
450 820
144 759
234 911
934 450
166 88
246 426
502 960
284 179
700 523
757 598
423 728
636 853
605 642
127 322
398 814
772 31
959 587
28 319
636 964
50 291
21 247
326 60
255 494
592 418
424 52
631 835
299 884
915 167
658 821
862 45
663 196
772 740
226 339
240 733
250 349
159 660
476 239
314 766
166 631
853 679
362 130
879 923
183 912
765 296
939 962
559 373
487 318
314 976
847 46
634 665
656 75
141 525
126 85
496 802
760 239
438 816
908 369
463 440
694 705
205 299
812 213
873 449
426 856
803 490
867 626
916 203
257 466
840 417
205 444
470 800
508 211
811 804
777 916
246 859
11 348
3 994
129 905
258 815
704 771
65 523
446 152
543 266
637 251
877 684
346 20
699 536
955 842
725 520
104 94
692 327
916 271
479 225
937 506
88 754
472 849
968 630
899 564
99 466
7 735
378 135
807 884
21 847
886 983
836 699
862 668
448 377
1000 694
138 749
431 96
242 110
786 49
435 101
937 171
900 57
631 1
902 731
869 924
49 64
754 460
745 995
725 61
16 315
553 484
93 291
46 329
652 488
209 978
729 299
587 133
790 378
645 557
577 367
409 269
836 748
925 813
106 961
13 435
844 899
214 955
430 228
509 373
76 952
831 824
339 170
177 59
767 234
288 892
149 949
477 328
79 180
101 428
339 283
177 404
481 698
20 838
628 403
831 542
614 154
63 608
580 286
817 68
653 666
646 673
3 673
225 497
997 883
109 887
90 945
42 572
703 673
560 177
190 460
617 928
101 31
911 436
950 474
829 779
234 515
166 907
243 977
845 840
595 518
972 336
532 29
608 395
4 662
332 11
217 893
454 626
825 126
539 696
8 288
669 53
167 891
539 553
804 915
108 256
587 929
660 671
820 438
425 42
298 312
744 776
502 8
37 961
17 464
716 214
259 431
846 481
943 409
303 62
431 245
126 759
19 495
937 16
231 624
804 704
112 176
499 592
26 320
136 640
840 692
586 408
948 551
882 488
295 860
867 433
481 94
839 975
58 704
644 719
757 66
439 615
175 583
954 390
862 263
63 678
559 301
67 547
267 421
250 631
659 935
969 195
315 433
944 271
504 502
713 198
807 285
599 566
448 717
140 659
71 933
310 231
383 919
3 669
542 818
86 606
323 120
395 910
116 986
918 593
632 208
890 956
818 245
176 342
22 206
3 955
150 702
157 146
177 636
270 435
272 840
493 218
111 223
829 896
156 302
858 176
950 704
110 29
901 388
925 30
973 306
942 835
209 461
130 979
255 864
135 161
751 111
605 780
805 346
40 988
546 949
432 611
173 672
524 894
492 90
130 757
47 585
5 659
906 41
47 104
286 976
268 331
820 296
64 224
782 868
732 727
71 295
292 464
903 752
5 949
634 49
139 591
733 315
395 841
904 673
619 188
605 353
272 187
704 94
286 610
232 847
585 205
895 488
515 150
989 115
544 359
439 86
500 928
652 101
586 73
474 519
662 202
404 814
461 779
499 104
168 540
563 785
46 351
740 67
323 822
159 196
124 873
558 206
127 592
485 525
573 598
152 174
885 420
929 458
858 592
915 523
185 810
383 907
556 239
77 728
698 552
506 886
582 543
654 952
570 447
717 316
220 180
404 499
617 120
465 251
543 384
46 936
752 977
346 142
898 745
332 877
663 811
722 293
996 196
391 548
359 946
608 452
8 666
155 605
263 622
688 600
379 187
90 58
792 314
80 252
177 890
933 983
350 891
887 176
821 802
308 395
848 128
77 626
170 404
526 777
729 653
61 990
868 466
213 131
921 978
87 686
681 177
40 839
916 936
600 468
977 718
227 315
528 556
1000 633
654 28
476 458
131 33
739 468
740 635
513 291
13 61
516 148
559 22
563 83
892 797
550 966
496 758
81 664
244 892
904 605
979 131
482 953
871 433
250 461
178 350
609 130
572 114
258 454
560 586
101 550
780 71
305 33
844 894
884 947
277 203
997 636
373 434
710 787
487 654
490 254
440 935
629 865
206 210
633 358
814 781
339 495
384 190
148 207
203 457
270 734
738 682
461 17
525 584
12 541
207 513
825 790
722 374
704 661
959 359
7 794
852 970
913 231
703 866
302 969
263 573
67 196
855 367
143 155
422 358
428 531
303 481
584 329
358 852
753 374
631 333
942 776
65 852
891 224
54 10
656 837
935 173
95 912
811 483
924 130
707 274
601 827
801 329
658 338
113 241
653 797
186 783
316 946
892 381
35 778
554 18
701 321
286 921
751 941
70 880
400 268
878 683
496 421
339 870
596 472
409 498
579 522
466 930
467 292
657 180
571 682
255 397
73 311
757 843
424 17
524 732
531 476
955 375
205 825
250 382
748 401
729 149
892 615
405 312
649 698
837 197
965 912
434 728
435 593
917 733
511 474
116 394
98 685
997 527
515 238
793 976
614 264
990 44
482 703
357 817
563 762
542 158
993 280
89 839
76 671
662 242
223 984
462 84
157 164
50 618
736 117
845 941
132 808
243 39
172 25
94 990
42 667
855 485
252 158
548 467
241 395
119 430
10 46
391 735
855 90
836 671
81 499
267 546
821 471
551 210
846 954
959 121
476 991
702 213
433 820
877 945
41 319
961 510
119 18
599 292
644 229
60 508
564 60
359 656
964 886
144 591
643 28
374 119
805 391
143 544
184 431
826 994
278 265
320 63
117 849
231 299
583 22
416 514
679 515
24 819
117 384
66 606
780 483
631 699
192 232
926 839
201 17
970 907
273 425
685 484
916 360
500 222
489 17
369 329
875 907
767 137
325 358
666 162
850 199
443 231
20 471
106 87
556 373
410 303
277 116
941 429
979 774
211 752
713 342
480 735
390 76
998 177
33 321
773 899
509 860
215 650
721 860
663 913
850 888
176 343
858 415
215 46
717 488
475 965
918 705
777 979
225 766
751 57
555 354
969 63
775 345
579 104
797 417
394 500
56 235
128 264
294 357
367 945
941 230
959 157
599 234
178 642
855 860
327 487
844 211
717 859
817 781
982 65
307 843
109 43
290 903
592 11
630 631
223 39
688 574
283 242
527 31
820 11
749 91
75 116
94 272
829 323
886 796
255 574
484 544
88 969
587 401
255 359
498 708
544 76
765 770
491 405
369 175
147 286
745 954
753 75
675 899
857 804
221 341
615 677
728 55
766 595
178 40
714 246
988 505
606 56
308 923
292 32
224 977
520 771
406 56
423 923
719 232
942 73
945 155
177 241
196 299
897 728
872 864
533 861
749 850
55 97
112 737
139 10
413 935
31 8
465 508
534 497
936 896
495 223
498 273
225 463
51 931
290 680
486 385
444 672
557 210
245 763
638 775
206 80
609 515
149 416
373 827
12 856
113 793
33 56
95 814
721 235
117 994
280 463
946 720
433 995
986 241
375 518
336 986
355 2
691 385
854 56
674 914
344 305
694 593
787 113
294 277
369 162
207 646
961 422
981 939
235 697
587 300
744 747
199 34
977 700
502 113
839 82
416 876
353 263
299 985
908 969
820 269
508 194
97 794
939 649
892 687
790 348
847 357
353 225
540 307
1000 792
340 473
73 226
825 811
103 10
549 188
609 129
249 786
125 172
733 32
76 997
67 69
89 874
280 849
134 255
139 54
568 712
756 101
115 151
371 1
872 634
46 747
379 538
694 215
238 339
220 298
721 779
498 388
834 554
451 6
767 564
401 749
366 247
208 241
741 425
803 714
987 121
279 998
468 236
704 773
176 494
488 400
364 515
739 601
920 989
431 671
860 527
646 150
833 445
523 237
412 56
855 772
273 870
990 757
720 9
973 505
529 6
919 408
812 968
597 302
963 588
621 88
969 911
142 243
535 616
772 110
645 248
667 336
388 343
706 502
653 733
89 488
491 460
147 520
117 238
23 421
634 148
767 336
403 91
917 905
75 794
921 590
778 829
931 549
120 752
767 438
39 34
643 6
948 642
211 261
706 954
600 169
404 897
853 554
927 471
310 511
59 61
508 490
116 58
796 734
232 535
89 838
789 131
702 956
738 621
465 407
266 192
750 936
793 241
426 522
45 292
177 372
551 71
503 236
833 387
119 568
690 554
216 841
512 310
772 1000
350 756
815 842
10 47
363 891
915 800
574 551
744 334
137 416
930 255
234 656
399 96
755 334
169 599
25 731
194 34
177 816
273 689
155 693
998 673
322 158
911 106
786 852
734 587
919 591
999 669
928 226
549 734
700 606
136 469
94 385
227 485
65 450
853 25
446 577
231 469
30 768
411 466
903 889
579 745
47 455
586 311
477 998
705 131
412 631
549 18
145 340
292 13
59 266
440 584
939 878
192 233
804 416
988 389
808 35
650 778
957 670
509 279
936 135
535 544
136 847
746 866
234 255
569 811
841 14
29 609
780 159
441 265
906 837
656 292
620 621
34 136
381 63
789 8
577 806
245 976
732 454
682 703
433 562
474 101
3 957
647 508
426 256
893 166
128 410
699 981
292 581
180 422
826 464
249 279
388 235
228 490
892 81
939 224
544 752
714 672
678 847
593 357
186 853
423 928
584 608
251 554
715 214
461 21
679 371
956 724
316 891
62 371
84 271
70 814
204 928
670 669
135 759
579 709
639 349
732 721
342 685
571 725
199 748
662 652
956 937
813 624
266 757
139 577
486 792
782 789
454 314
836 550
1000 844
93 11
425 593
300 875
283 607
552 4
419 15
650 945
558 30
707 672
853 994
837 45
675 478
399 710
976 719
705 105
68 253
642 188
438 27
132 850
794 355
867 875
470 936
146 946
642 815
736 62
475 2
276 81
732 295
410 667
929 441
984 828
661 98
632 238
171 410
944 154
587 786
396 873
660 174
96 577
497 808
890 833
691 784
267 540
180 267
381 406
399 78
935 421
830 325
336 249
593 322
213 333
255 966
968 880
988 529
293 741
441 850
691 558
584 702
712 499
472 888
949 490
451 663
147 928
902 976
887 178
924 184
873 576
549 517
472 231
825 293
706 96
217 85
39 692
438 947
84 291
984 241
87 680
960 362
189 120
781 340
675 977
359 296
855 679
890 86
231 370
876 101
714 152
835 199
22 203
244 975
211 254
999 873
47 364
451 687
272 281
348 829
165 721
975 857
978 676
249 928
785 332
897 650
755 618
746 811
374 632
325 428
777 191
572 995
23 949
339 256
603 991
132 823
230 234
124 617
872 822
903 43
138 483
535 175
395 272
487 622
200 184
879 344
191 304
31 269
187 269
751 146
254 990
298 892
209 79
119 452
782 539
343 156
589 228
132 507
370 90
12 748
915 884
788 238
223 459
542 738
725 533
872 55
783 59
113 917
220 879
939 155
276 530
927 650
954 564
369 252
99 471
616 75
782 230
17 344
109 242
847 772
289 486
976 307
722 843
562 948
1000 697
948 185
753 757
39 600
904 63
902 734
985 180
839 49
108 61
861 537
865 606
294 878
122 97
329 265
936 511
165 915
187 679
44 740
10 852
49 698
726 732
952 521
409 274
616 662
411 428
547 153
956 192
760 449
27 764
50 183
605 167
921 280
225 187
875 929
352 34
462 43
653 322
414 334
811 726
313 601
866 535
172 388
354 961
641 395
751 464
366 950
243 792
480 309
44 78
764 605
97 577
517 665
864 171
112 896
298 705
713 410
346 213
823 837
720 426
462 743
447 113
413 33
507 458
968 808
290 300
21 684
603 20
806 111
347 338
924 962
816 763
445 418
248 936
744 109
891 142
393 239
624 515
27 382
999 668
247 219
144 562
660 666
806 25
133 358
890 317
528 840
285 555
144 577
381 898
938 855
598 213
182 824
53 672
554 135
222 41
169 419
957 74
64 135
672 454
913 44
58 802
611 219
478 326
705 130
796 895
28 401
516 366
663 9
61 343
784 942
643 101
889 276
338 207
135 854
118 522
106 194
949 654
767 139
309 623
185 561
276 344
900 882
6 961
764 643
980 448
950 232
975 335
558 477
409 810
893 978
859 814
309 257
976 514
123 627
832 614
55 549
240 757
836 22
565 624
488 188
16 531
592 562
609 372
405 911
484 136
391 684
780 553
893 52
785 993
381 256
399 161
954 936
518 217
367 221
594 371
376 640
985 534
983 39
439 335
798 904
584 308
983 404
196 635
150 927
959 159
427 262
194 7
912 998
308 3
522 857
482 266
941 785
963 745
411 470
269 424
53 369
492 183
919 594
497 335
939 368
638 699
818 579
284 171
600 26
539 423
311 401
103 248
950 771
455 355
972 335
575 690
227 256
523 863
257 755
402 508
264 485
265 908
179 210
36 841
748 68
749 669
608 607
19 227
540 344
10 767
447 902
891 564
218 922
704 81
758 772
541 802
514 174
630 689
144 442
240 593
387 556
816 394
983 534
968 341
285 871
135 203
194 645
799 96
373 318
533 603
263 167
730 610
642 812
111 937
224 771
760 949
484 221
360 323
470 792
732 427
146 962
76 391
812 19
426 338
581 730
95 522
110 739
416 307
385 584
155 606
356 245
213 332
794 82
384 640
459 196
388 200
559 726
552 153
952 67
590 501
132 181
316 570
483 91
393 295
528 290
255 551
290 937
184 156
702 98
658 367
579 841
68 684
39 695
408 959
316 792
99 152
726 983
213 128
658 15
363 287
347 838
829 470
65 393
925 547
22 889
536 766
170 580
728 102
965 647
32 941
643 159
773 512
745 805
799 512
891 611
31 938
514 400
878 863
827 987
261 913
351 677
908 184
950 573
899 917
23 839
905 890
415 949
782 528
455 792
996 720
301 814
580 407
359 879
340 552
182 223
892 375
516 650
89 36
21 68
426 532
443 414
547 4
842 584
720 560
318 745
2 717
675 168
141 892
91 49
440 375
58 170
756 261
371 801
580 107
284 696
746 383
622 426
595 182
271 930
702 450
261 152
675 43
906 207
671 461
64 958
757 538
189 614
81 293
88 583
806 511
332 114
61 684
616 61
621 308
56 20
882 928
665 958
207 759
703 210
337 605
485 685
35 958
420 620
437 522
222 272
367 713
207 612
152 918
209 667
320 424
900 37
815 202
967 511
886 245
743 596
563 146
175 216
583 47
628 948
776 329
648 497
942 314
448 138
117 833
571 540
19 693
596 185
77 113
729 344
178 494
417 814
895 79
607 347
738 150
832 95
452 363
509 369
92 287
76 948
75 715
510 606
301 5
379 877
309 522
332 669
551 911
193 821
586 804
497 683
874 123
812 181
352 568
600 743
765 243
200 213
485 188
750 648
845 140
295 175
961 112
225 727
871 632
577 385
659 440
822 132
784 768
555 379
169 708
383 467
354 600
815 709
391 617
592 772
590 275
526 571
962 461
345 180
855 16
891 129
70 550
87 412
15 163
60 520
702 171
192 688
947 768
786 254
604 665
532 494
648 227
703 327
464 580
947 945
160 461
893 364
770 650
473 826
971 23
155 521
874 854
321 894
161 302
148 52
602 648
258 248
386 933
95 437
300 611
83 277
709 713
670 833
701 949
136 531
525 231
908 241
213 523
272 83
370 666
383 351
993 511
316 260
942 48
306 302
561 300
748 282
469 979
76 815
112 624
376 503
611 662
426 714
888 497
390 289
966 756
272 384
385 167
872 549
104 591
59 199
149 183
812 153
996 462
779 32
778 991
431 797
177 662
2 603
814 554
959 194
485 208
786 655
698 451
864 807
67 560
501 842
449 413
750 279
716 675
935 387
829 924
190 206
262 811
981 705
304 207
600 912
911 170
180 416
678 611
741 193
617 307
781 874
454 594
436 249
312 967
901 17
890 636
605 919
401 247
554 439
441 534
761 649
880 265
130 606
683 886
730 204
961 72
394 823
511 970
528 964
394 902
936 297
312 515
903 863
731 768
92 562
24 786
690 267
681 388
439 396
137 716
541 688
690 74
672 705
605 381
456 300
537 709
187 460
689 770
852 458
875 987
681 678
921 215
392 899
745 507
784 169
231 338
898 161
148 320
442 101
813 50
390 269
768 733
385 264
495 216
559 547
673 592
637 287
765 202
983 887
508 341
715 801
348 270
21 400
629 939
863 850
152 821
664 43
684 214
926 175
142 734
694 923
753 509
570 157
646 30
26 959
411 715
826 784
531 810
15 453
877 130
381 517
272 967
238 246
299 286
138 912
656 861
604 547
769 530
510 970
920 738
298 218
318 153
521 34
647 934
201 638
588 126
628 786
297 19
322 486
766 729
550 6
353 260
226 10
544 107
526 47
661 984
960 411
174 901
469 491
244 969
672 382
965 791
736 545
6 99
760 423
445 705
862 304
19 886
501 93
407 743
66 524
379 832
953 657
439 182
645 871
408 282
444 616
174 321
158 714
508 411
642 239
491 591
508 39
561 453
709 197
686 88
710 561
470 145
384 33
154 599
970 19
985 947
713 508
72 500
740 508
59 734
817 398
848 292
582 793
808 946
540 537
892 36
103 911
731 494
96 635
333 646
464 315
997 367
601 910
503 250
565 107
434 479
824 171
808 720
664 340
901 105
80 363
568 176
345 121
916 618
645 84
939 443
813 771
155 121
1 787
628 774
631 909
265 634
966 178
877 269
862 99
442 630
959 763
448 139
729 302
586 353
992 968
644 833
260 586
580 839
842 70
383 442
809 279
426 949
226 483
983 763
783 815
399 794
862 300
165 580
301 479
405 437
11 802
84 884
608 870
419 201
573 440
44 298
82 117
248 117
858 754
534 461
791 225
60 473
797 917
279 674
546 407
943 651
547 82
56 72
589 467
745 237
637 455
603 731
15 633
288 843
385 356
663 905
480 678
530 786
537 185
159 446
782 374
271 784
788 430
458 777
3 834
834 700
909 555
592 886
989 748
114 230
671 826
242 296
963 977
926 231
820 797
837 857
566 265
668 473
762 556
952 2
624 517
131 417
43 861
173 806
193 104
639 759
506 465
169 135
230 808
749 4
71 24
754 410
758 370
502 188
144 978
44 827
264 459
130 920
313 898
374 277
713 193
31 988
35 409
365 686
224 989
795 435
726 617
876 318
398 692
693 517
420 468
794 249
980 236
452 206
198 470
845 666
314 124
881 890
210 915
463 327
430 917
84 648
567 845
953 713
590 662
187 129
480 501
427 670
465 359
176 926
159 239
310 73
352 191
760 44
279 710
709 157
289 834
736 21
737 332
368 2
305 472
949 991
295 253
262 14
38 282
824 551
583 961
332 838
975 540
228 183
447 151
582 726
218 109
695 493
57 41
46 757
981 704
765 361
68 751
897 463
261 96
377 949
126 729
877 768
843 688
660 858
417 203
404 231
21 928
924 855
857 364
506 386
969 874
894 817
293 288
810 90
578 46
136 101
653 512
88 862
144 528
697 324
4 36
577 238
960 658
857 14
805 470
532 626
990 978
496 402
831 864
196 851
341 278
416 691
442 703
5 559
801 704
2 295
535 371
80 895
814 318
376 294
249 24
122 278
931 766
744 529
308 871
831 921
957 334
492 664
162 528
143 855
827 814
774 747
421 529
597 982
767 216
111 612
900 345
930 922
633 220
979 968
233 302
127 718
595 24
278 708
392 787
500 988
88 562
327 861
688 947
383 545
923 671
461 919
353 758
135 90
319 265
713 374
200 159
572 687
77 199
538 875
524 762
889 533
357 87
215 89
876 885
56 574
328 803
21 256
6 92
7 813
985 967
842 913
845 83
246 992
851 574
85 558
855 30
769 375
823 572
954 829
798 88
651 887
963 937
303 456
983 442
270 259
240 408
171 2
226 711
498 800
678 799
773 57
920 739
9 900
337 631
969 774
570 623
818 701
207 642
152 956
905 194
501 353
583 807
991 2
188 365
99 154
925 688
430 278
486 964
402 335
296 214
789 798
423 679
523 291
908 965
880 20
643 368
190 513
131 949
919 52
667 7
796 929
799 514
164 11
187 441
499 700
580 755
819 369
182 435
365 775
188 768
651 408
120 950
908 9
534 183
314 986
150 332
352 563
31 91
308 495
883 320
646 556
570 378
152 143
614 67
119 675
216 962
983 794
529 759
894 467
642 782
21 435
538 847
959 285
119 592
32 751
393 820
581 811
180 724
732 393
137 319
301 628
530 702
860 485
275 425
133 843
356 4
465 712
640 49
199 446
401 515
167 220
596 946
958 825
506 728
937 610
961 356
618 597
820 169
415 887
767 179
532 357
256 552
935 168
612 11
631 249
378 129
529 191
201 342
18 46
856 843
517 24
39 708
939 442
446 734
606 440
273 900
338 674
17 127
571 816
184 408
648 39
499 462
14 348
787 988
644 947
425 867
440 580
350 295
387 315
410 120
31 904
804 392
988 445
18 517
49 807
205 901
278 51
214 957
865 31
707 748
120 172
783 863
684 708
477 322
337 311
283 905
159 10
642 240
20 844
96 58
582 446
987 266
663 539
775 61
962 708
581 894
897 87
295 216
650 313
51 251
154 976
806 684
882 318
593 177
423 116
674 18
56 869
869 405
695 569
453 958
517 969
55 926
938 286
741 171
29 255
602 163
712 447
916 297
919 730
687 622
749 225
548 924
990 725
282 572
389 888
356 493
216 210
88 835
824 55
311 699
919 440
795 886
887 484
104 493
782 112
865 526
343 126
244 765
597 191
209 790
619 539
218 748
402 407
649 878
597 32
305 672
508 937
400 252
662 740
847 680
114 796
466 906
250 300
261 293
909 438
201 992
202 395
421 747
317 970
67 779
446 822
292 152
455 956
850 414
944 551
598 660
927 294
31 571
771 202
503 750
500 74
27 586
728 749
430 885
90 714
931 499
757 366
194 700
726 692
453 461
92 3
404 135
791 501
543 116
174 489
571 87
738 764
759 778
480 724
11 188
897 179
246 874
410 818
966 807
146 620
474 97
539 975
643 957
315 992
270 292
699 582
132 333
815 584
401 573
432 659
843 691
574 801
7 652
378 342
472 783
659 37
643 744
73 229
908 764
302 599
126 827
977 130
60 413
575 302
359 691
145 121
476 589
293 1
539 297
668 115
356 743
1 858
607 110
985 655
829 32
191 823
486 653
378 778
253 654
573 235
224 508
676 292
274 592
408 610
46 20
877 836
988 357
169 954
516 476
188 893
724 159
543 633
965 83
658 637
36 185
865 71
828 333
991 899
293 659
318 775
448 513
124 978
756 159
439 221
866 619
109 437
211 290
529 633
125 504
641 327
695 12
736 67
12 480
435 987
771 597
793 173
278 551
318 752
12 631
432 692
868 678
464 164
889 645
160 621
747 739
596 961
954 843
224 612
229 253
233 762
949 212
109 343
806 583
992 54
497 189
445 949
318 445
346 938
402 904
220 903
856 523
856 627
817 723
40 640
590 504
95 954
578 384
377 705
449 92
415 803
107 269
806 176
739 879
157 639
709 843
749 58
492 37
717 604
648 189
360 591
201 717
771 313
593 615
225 346
143 615
921 629
574 281
153 995
411 343
819 82
912 272
785 38
236 448
666 291
499 526
649 567
154 511
305 889
453 65
805 188
172 412
359 155
988 329
177 16
50 798
275 895
439 176
633 255
546 542
909 944
605 97
935 944
58 484
576 361
462 66
836 843
698 820
470 601
988 30
29 726
707 847
49 229
180 725
642 958
458 787
958 988
621 23
157 163
837 577
898 711
60 914
940 334
669 264
447 174
971 544
298 922
890 720
172 631
601 611
713 685
53 148
955 281
829 563
647 199
180 9
570 913
511 729
298 402
506 682
890 434
673 408
801 323
730 219
144 383
665 812
545 838
303 178
251 357
622 852
643 433
448 495
982 364
853 900
363 252
883 965
757 932
558 559
689 652
122 109
140 380
69 418
809 123
960 505
754 523
636 598
359 473
487 228
252 879
184 759
295 945
687 239
879 855
454 262
455 987
828 23
889 39
936 144
610 347
594 948
791 242
940 712
525 418
339 179
133 825
675 909
662 5
813 487
709 22
659 769
167 558
135 12
376 795
802 779
965 333
180 907
400 635
883 204
556 286
155 49
703 601
225 522
240 796
361 218
806 850
77 142
977 384
797 693
747 538
717 510
178 5
76 309
929 214
877 760
220 553
264 851
47 680
160 772
125 996
298 126
82 985
104 161
657 701
90 508
192 516
998 484
941 809
691 618
284 44
565 77
89 188
203 132
756 984
575 420
208 798
450 887
173 382
420 899
973 617
649 179
569 482
60 361
244 766
423 665
563 322
430 335
657 249
895 953
110 939
559 246
691 38
549 908
878 785
370 903
540 193
409 321
816 723
731 854
637 321
222 847
829 253
173 377
377 166
715 762
286 621
406 129
165 693
163 396
885 183
339 335
547 274
254 94
594 811
595 126
824 860
396 653
823 22
914 846
111 800
885 457
996 882
585 389
215 198
571 86
901 969
318 725
963 256
750 568
641 4
403 480
383 877
665 398
480 580
318 676
677 995
345 586
181 244
534 696
259 790
665 319
439 700
8 534
137 374
690 858
463 378
185 98
289 294
521 472
981 787
498 171
430 80
319 939
821 53
234 753
379 887
129 423
170 153
262 416
744 62
215 485
837 827
860 716
20 507
299 324
502 845
820 98
694 591
74 588
644 304
402 71
934 427
569 846
484 607
178 926
605 773
36 512
626 480
147 873
546 528
522 679
356 529
13 816
432 80
825 494
958 306
246 96
799 778
359 259
329 372
41 72
188 425
442 108
817 867
805 54
165 855
296 26
260 637
441 373
305 941
328 282
633 378
810 702
297 513
227 960
603 857
269 731
201 253
455 816
357 994
304 242
853 773
604 293
434 621
625 838
208 678
574 537
244 436
119 808
192 827
253 162
879 722
571 5
332 567
465 466
546 477
896 308
441 153
295 274
833 879
353 613
483 562
357 85
440 351
702 603
426 350
742 840
245 800
121 882
197 717
223 589
722 284
928 611
637 239
105 294
413 485
911 282
694 926
91 247
163 706
937 763
114 44
817 928
868 901
81 317
297 80
693 222
643 809
184 66
973 382
387 892
61 644
781 651
772 338
702 151
961 271
65 242
601 800
543 973
86 168
235 558
307 173
801 576
494 445
377 689
583 801
94 246
645 142
749 458
382 525
628 813
256 33
458 229
61 72
699 247
652 621
50 475
92 610
862 138
335 270
710 334
326 71
808 194
700 464
3 96
991 691
829 180
780 280
709 654
235 251
823 410
757 874
3 241
520 805
304 432
909 205
73 117
41 983
79 43
742 345
300 836
28 763
741 543
686 112
743 65
109 636
805 622
25 20
690 734
693 717
438 504
998 224
216 964
231 531
897 73
937 932
129 231
721 781
858 290
767 300
512 288
608 153
699 818
516 900
24 122
660 92
121 782
360 50
911 457
707 108
638 692
531 730
159 741
588 473
290 372
458 754
713 684
855 20
458 581
479 233
325 755
986 223
532 359
807 927
920 705
869 674
707 283
490 837
217 11
713 910
308 374
91 622
256 729
65 79
856 366
91 671
395 683
394 970
969 514
252 906
58 867
611 85
922 648
728 215
287 510
715 499
643 366
277 564
739 505
249 101
103 14
804 315
326 163
2 237
478 510
874 419
984 415
88 340
931 696
839 995
583 478
254 464
679 971
222 626
257 784
420 484
305 70
262 708
609 16
404 894
442 169
488 935
583 544
435 884
738 615
353 707
106 397
931 244
436 574
125 597
750 772
405 773
245 966
28 737
51 993
918 589
333 99
579 343
488 348
508 15
147 291
129 892
350 766
199 246
998 494
658 893
716 699
76 346
544 524
948 117
551 203
698 269
422 389
207 945
138 964
801 12
603 152
531 871
218 182
773 238
905 62
9 113
15 787
982 60
436 144
697 470
636 183
825 352
188 916
429 714
321 961
915 339
597 189
806 5
293 252
408 874
616 473
441 461
149 541
779 107
904 830
282 254
399 933
131 911
690 162
841 214
783 671
663 117
795 293
878 262
529 881
378 569
35 248
552 46
754 304
813 441
746 448
647 6
15 779
89 827
628 328
336 568
478 647
600 635
843 944
452 102
6 853
819 923
874 91
15 970
768 868
453 604
96 183
547 960
471 40
885 746
600 886
17 846
879 12
919 933
333 408
704 724
526 761
46 775
929 241
259 934
80 121
140 600
797 442
11 493
413 254
587 586
768 160
53 90
826 474
369 93
441 824
659 182
381 750
19 87
807 982
597 398
140 629
891 161
700 905
331 118
739 885
61 833
8 83
727 354
670 485
715 204
381 816
990 838
938 933
356 530
222 127
761 495
905 389
545 927
654 150
250 108
195 805
568 329
313 818
102 402
120 592
264 490
49 628
356 880
396 159
604 196
291 947
648 368
334 631
746 543
862 457
222 808
980 156
429 242
917 685
600 894
487 269
111 609
517 534
782 874
979 973
49 48
729 694
827 1
370 620
618 134
633 873
761 284
347 239
641 502
370 334
745 170
202 835
276 206
719 730
896 879
285 392
214 278
816 279
167 932
355 732
462 544
752 856
845 33
461 472
744 140
851 688
363 853
824 292
808 873
146 368
256 464
78 611
650 160
65 832
621 331
808 760
492 257
47 833
982 100
195 594
750 128
436 328
420 629
597 275
725 462
247 158
730 372
51 557
402 315
8 222
40 511
294 350
74 323
809 908
780 462
611 56
313 733
325 397
133 458
743 559
130 320
204 593
351 898
743 444
840 869
235 109
239 877
331 606
758 91
995 695
987 871
350 223
715 308
273 473
383 386
202 306
939 940
802 656
340 343
491 805
330 365
174 218
349 304
480 449
592 945
893 691
452 47
935 946
93 779
103 374
200 47
233 41
354 59
270 678
788 295
862 880
25 821
965 393
978 265
774 161
522 198
315 588
318 381
103 677
891 130
768 249
882 251
621 277
66 492
473 406
40 751
113 911
928 366
412 55
490 819
644 378
669 985
27 378
490 834
750 156
94 320
593 679
41 591
835 638
817 991
103 226
365 275
807 764
151 888
377 317
303 45
749 429
787 880
240 67
421 402
540 72
210 615
320 43
545 934
88 55
586 282
752 238
361 426
481 472
465 947
123 527
895 229
900 727
81 764
406 251
634 480
192 307
858 988
839 627
222 627
944 653
690 481
819 767
604 383
508 580
144 453
862 675
21 129
278 784
980 426
896 479
490 218
128 841
201 261
442 25
996 576
758 611
12 475
939 508
883 206
138 385
46 526
441 208
994 462
831 487
686 478
751 188
973 82
228 159
247 365
180 582
669 742
806 562
294 486
726 748
685 751
800 615
472 536
722 954
649 326
372 781
601 637
393 128
507 46
270 254
132 737
882 110
938 172
591 874
82 870
499 798
514 975
930 472
554 476
402 97
69 501
994 647
795 986
133 223
83 988
748 922
803 445
847 998
795 843
977 620
903 793
217 151
258 376
238 639
813 867
243 935
503 617
899 838
256 964
866 175
814 439
942 744
948 441
752 10
92 555
457 482
64 155
596 363
634 34
283 298
981 319
359 511
732 635
257 907
919 121
334 651
634 405
463 45
902 404
532 657
913 832
697 857
903 421
687 370
267 335
935 788
353 780
7 257
407 555
103 216
199 775
883 396
685 254
633 181
337 272
375 760
174 381
290 134
418 947
606 640
702 835
974 228
921 24
85 835
836 141
676 854
127 564
864 222
578 836
228 861
496 900
998 169
973 97
15 256
609 654
112 930
719 705
975 619
669 428
995 9
471 408
533 397
592 711
774 105
685 834
797 264
211 839
730 861
113 885
220 527
732 275
560 436
906 128
302 777
416 156
152 646
100 196
946 804
731 298
289 36
726 476
920 651
735 466
204 750
378 341
345 4
327 108
520 352
649 92
961 466
636 212
325 603
970 384
464 549
850 489
708 712
657 842
804 527
271 458
611 31
368 624
498 764
282 817
231 502
178 254
605 549
201 679
623 684
438 692
250 220
18 678
809 177
58 961
944 920
746 540
306 237
453 106
616 173
364 443
316 438
10 761
338 282
586 52
109 649
50 186
404 977
867 549
939 976
62 769
658 632
918 206
119 949
84 680
180 815
686 600
201 332
366 736
713 233
185 960
2 790
777 644
685 115
565 557
413 662
860 255
831 430
983 302
618 441
727 265
659 537
826 42
694 679
997 3
449 533
159 626
343 241
881 554
128 462
661 220
699 921
574 535
149 424
502 530
907 372
873 235
663 262
475 854
259 901
172 910
820 802
837 908
626 66
513 846
271 106
644 357
591 701
427 614
650 161
262 667
800 798
506 307
217 956
623 268
459 105
898 505
702 149
355 10
787 121
934 504
354 238
566 535
454 861
645 140
575 335
766 778
843 15
863 64
961 216
799 744
10 955
464 815
966 218
70 47
930 964
866 966
207 194
746 624
448 211
670 898
615 158
258 44
480 228
830 708
254 169
126 353
241 969
888 336
301 27
948 774
64 641
157 636
606 615
3 574
847 161
685 198
887 501
998 23
396 599
988 25
609 468
223 892
494 555
885 399
79 504
262 168
170 493
357 230
105 85
379 530
139 117
767 943
290 33
13 830
93 556
264 604
561 218
427 772
157 271
582 624
675 174
977 42
869 236
617 67
158 139
361 866
345 384
567 373
146 691
275 429
613 23
545 287
798 955
414 2
342 471
789 668
42 499
226 628
544 593
372 810
502 745
708 844
583 592
109 457
511 629
497 47
117 974
601 913
35 983
237 37
627 677
403 303
556 671
406 594
264 103
105 691
433 395
204 769
756 886
341 258
999 710
946 462
910 77
329 464
716 164
790 679
966 917
593 567
957 206
170 256
503 388
507 577
184 412
460 633
852 843
729 128
770 962
199 796
739 507
905 557
3 94
353 5
411 421
639 227
948 708
680 122
681 455
295 771
991 550
171 881
995 547
987 755
179 558
11 857
767 156
272 267
37 517
847 20
436 823
214 659
486 693
326 621
223 963
813 117
7 450
899 195
466 864
763 922
452 147
549 89
901 978
962 704
637 450
176 263
915 586
453 759
579 345
707 812
212 777
836 72
911 446
750 369
458 818
370 230
858 307
967 631
345 412
171 104
835 1
324 538
474 171
43 946
546 289
467 798
854 414
88 553
308 54
578 340
156 226
967 810
313 149
700 999
347 585
777 122
939 57
243 468
273 487
511 847
863 506
556 530
193 28
156 896
599 428
985 104
127 447
792 648
44 929
902 701
302 281
875 425
947 36
251 499
903 615
970 335
218 935
277 741
978 946
524 618
816 801
808 269
511 50
848 766
227 715
525 144
47 444
914 393
45 811
301 321
874 389
305 902
306 345
804 424
934 607
847 458
116 320
226 384
70 673
838 251
948 847
531 103
187 23
82 195
245 277
638 340
407 718
573 555
658 559
871 214
358 495
250 748
141 587
955 155
757 283
813 89
673 590
487 606
751 509
92 142
664 823
434 744
855 275
966 904
402 623
593 214
256 168
275 372
189 710
371 799
449 697
67 246
730 858
643 929
916 491
114 7
668 532
946 850
410 976
270 296
290 698
823 580
209 426
268 825
500 747
177 852
470 435
271 134
459 174
901 27
207 772
389 823
85 216
109 34
956 637
973 441
132 111
995 193
463 607
869 760
284 162
649 59
951 34
791 685
667 355
854 247
714 906
307 112
933 236
806 106
809 918
921 748
264 285
84 134
571 931
469 460
930 846
92 921
553 409
762 1
568 314
450 330
830 606
870 539
232 923
319 542
1 632
109 759
25 370
905 758
49 340
288 162
287 214
571 459
202 314
629 113
150 202
871 20
895 402
550 555
184 912
974 807
872 873
463 294
882 886
656 90
505 596
276 379
888 19
157 463
358 395
270 857
608 914
201 476
718 347
223 795
388 748
119 730
135 81
546 472
450 421
362 873
642 807
721 806
573 733
243 230
741 299
812 475
931 287
181 623
244 306
980 816
655 588
31 570
850 49
357 308
51 761
821 485
772 575
20 324
243 437
782 496
674 201
930 319
553 936
695 637
507 954
649 413
315 881
748 573
159 800
273 881
351 456
476 555
834 50
636 138
434 388
290 928
790 809
170 410
213 24
217 93
834 212
379 22
88 942
783 285
307 76
292 280
700 653
22 993
334 951
479 330
616 388
217 383
505 827
962 625
362 471
277 764
990 237
921 490
903 718
891 632
250 352
862 427
117 240
690 104
417 756
898 125
844 993
439 31
686 4
120 955
376 37
304 258
527 732
418 790
718 405
457 501
847 51
282 377
215 206
927 395
792 148
966 679
880 548
386 427
67 370
40 135
457 582
884 91
371 8
266 164
569 581
695 157
190 479
392 530
375 961
731 169
931 315
381 336
573 850
99 515
462 659
621 634
507 294
346 104
441 908
828 776
431 561
432 625
800 716
929 40
693 63
401 407
916 274
995 594
687 593
472 860
784 852
246 274
123 127
169 535
937 263
761 587
229 816
446 707
551 808
982 497
40 926
991 109
994 451
278 392
429 628
359 759
87 836
350 14
1000 607
514 557
696 312
109 925
662 733
616 527
134 910
531 486
862 500
166 575
444 181
671 534
212 201
583 330
552 166
697 835
476 198
130 48
692 706
884 874
386 166
680 753
546 719
515 85
789 281
349 274
81 924
500 994
252 486
558 457
564 910
481 937
233 122
803 34
413 671
292 549
3 682
687 585
103 485
626 594
897 170
293 865
811 427
7 227
980 761
285 477
927 786
346 221
774 131
371 770
926 94
985 514
380 76
839 838
204 354
422 297
498 131
318 494
321 410
176 387
36 199
642 672
332 62
481 860
63 446
52 141
695 677
481 973
445 874
483 11
621 273
821 255
143 487
759 427
868 190
834 122
412 388
646 405
902 547
174 634
378 17
911 787
273 91
677 919
847 913
818 697
929 624
524 619
959 692
268 297
108 89
568 287
342 670
295 960
369 732
816 285
908 793
500 990
841 330
520 305
509 460
680 968
109 530
577 320
939 857
390 623
223 126
109 205
361 749
838 105
306 342
549 234
645 647
481 196
266 568
619 90
804 56
400 814
310 289
337 389
101 612
547 278
775 920
456 21
520 762
591 65
166 916
153 27
286 345
76 693
871 806
487 601
606 529
745 179
194 603
195 174
676 679
128 117
755 102
350 119
868 655
760 784
872 714
547 850
831 634
492 747
632 330
51 668
327 699
994 980
721 116
243 472
674 162
983 428
164 788
829 518
920 798
450 569
912 990
164 891
537 191
934 323
220 815
528 976
406 936
372 914
467 682
711 375
324 797
109 33
381 860
493 898
743 806
736 976
938 928
443 514
39 553
781 470
964 860
428 636
991 421
388 272
213 869
587 24
878 617
934 783
779 842
191 818
43 375
162 840
365 763
432 777
44 676
390 952
763 424
272 39
491 173
42 767
351 585
943 789
488 693
588 612
718 813
978 328
176 850
927 257
469 783
842 235
202 650
261 839
297 662
941 229
837 20
803 156
970 695
916 112
224 61
166 944
188 600
826 484
884 64
741 729
484 374
585 421
508 364
660 337
995 867
3 738
208 368
500 760
157 297
358 746
567 482
94 924
55 654
383 781
993 585
722 137
650 506
9 498
634 845
712 143
228 81
581 595
985 634
821 484
953 20
935 92
25 745
355 814
412 191
584 344
731 411
891 209
363 838
173 281
198 539
215 667
588 151
146 510
540 722
834 51
801 186
601 358
15 224
40 532
95 54
256 288
584 901
880 300
255 700
700 543
536 552
529 353
360 692
383 216
518 539
688 818
981 147
821 46
266 627
316 118
850 447
106 590
507 645
240 824
774 943
95 394
278 190
745 813
669 143
162 544
620 718
165 728
908 176
966 506
284 977
757 15
245 347
861 178
982 880
248 186
73 458
954 325
311 64
651 495
432 423
694 387
549 388
606 719
310 408
702 910
174 443
505 992
324 108
957 784
906 770
559 972
685 271
712 973
617 937
974 77
388 592
102 824
267 853
197 234
200 304
826 204
845 224
58 178
828 914
902 105
461 151
64 847
431 579
87 61
345 390
501 779
946 904
968 900
347 321
998 544
303 490
450 74
860 513
23 930
661 464
898 994
686 102
173 938
318 45
857 317
911 24
56 28
221 958
574 994
646 287
726 9
134 579
872 222
237 505
881 16
193 54
195 960
786 37
127 389
826 866
791 724
781 286
32 227
251 489
514 699
201 748
80 543
688 990
781 367
567 674
572 340
848 532
614 763
544 253
344 851
681 436
535 433
390 896
50 221
322 790
567 576
242 625
435 557
273 442
21 227
149 743
22 275
158 527
31 775
235 360
922 72
245 319
799 258
897 798
487 742
33 592
659 772
179 718
947 928
884 9
866 556
45 137
671 85
766 45
896 321
139 798
371 999
229 461
306 838
806 855
59 642
82 289
301 961
30 1
971 741
856 867
405 250
20 142
259 846
186 754
554 239
319 946
897 484
880 391
47 67
925 14
387 220
855 845
507 35
180 123
881 466
37 94
57 240
403 476
42 100
317 318
389 209
835 289
911 124
75 500
352 863
593 375
596 690
852 548
873 519
948 247
473 145
131 311
276 692
631 72
189 213
373 872
820 425
382 766
554 253
277 882
176 223
99 216
501 212
672 96
50 268
416 686
809 969
661 936
101 943
126 626
476 389
170 516
456 542
302 104
862 784
257 825
79 126
471 510
581 280
417 691
250 201
690 384
908 463
109 24
654 543
97 911
771 833
297 714
488 903
140 296
920 308
814 848
907 30
237 898
690 629
621 799
968 111
533 25
789 911
974 389
815 899
396 895
751 221
241 428
708 224
523 172
29 955
