870 2774
441 645 983
15 224 493
239 157 672
202 402 970
407 788 894
651 184 824
419 540 579
767 529 485
464 513 19
298 309 352
47 759 651
849 750 324
19 352 743
601 854 522
692 620 587
191 255 938
299 504 904
164 346 466
851 657 89
750 454 696
482 396 865
262 2 185
582 750 544
34 189 970
616 742 602
391 103 237
745 578 407
14 533 594
633 6 199
597 816 670
391 506 913
163 786 332
111 284 669
522 391 812
398 260 76
399 112 972
3 263 346
28 544 735
230 710 728
158 149 152
557 384 961
503 60 701
247 545 546
200 483 325
701 269 573
734 436 376
112 619 422
555 419 116
202 830 517
514 411 13
586 841 238
808 363 399
745 136 630
378 536 647
818 826 498
432 124 732
579 643 391
112 210 838
181 459 34
1 514 575
471 299 203
715 40 524
167 450 500
646 15 402
336 96 177
260 848 766
761 775 830
651 95 757
789 10 155
847 457 231
729 852 146
508 809 737
295 91 311
659 324 691
254 135 442
72 340 785
61 544 1
256 855 810
63 50 351
46 539 296
743 489 123
638 774 168
144 788 221
422 392 252
348 778 449
627 673 383
426 448 678
740 90 71
370 739 932
260 299 810
853 314 670
561 507 294
195 795 62
114 186 992
370 73 711
545 155 935
311 781 987
582 182 98
652 614 857
657 51 585
688 626 602
45 559 636
387 28 568
811 52 693
275 144 783
242 729 208
719 776 350
653 579 658
627 754 818
640 656 704
626 387 800
352 531 494
394 315 146
675 498 910
838 462 624
666 285 581
76 802 673
80 324 6
16 570 332
507 27 731
191 674 972
211 661 386
214 333 331
729 628 18
227 68 449
74 716 203
148 161 589
773 728 747
813 794 674
848 781 969
350 275 843
48 19 781
111 764 617
107 497 522
519 816 990
317 553 931
740 516 548
201 766 104
269 384 850
724 251 573
821 233 150
776 633 358
287 82 538
821 130 663
414 95 390
286 180 792
474 515 381
806 403 207
207 13 184
605 277 367
676 225 451
101 414 567
544 422 104
164 35 933
769 420 4
729 305 577
626 541 960
246 594 989
757 533 865
517 253 745
662 665 461
754 514 254
295 554 284
731 656 473
119 273 29
869 445 61
126 341 1
398 596 619
177 740 769
35 765 381
677 134 474
815 826 529
846 300 761
724 287 227
745 160 854
19 754 493
702 521 289
860 648 99
116 141 66
224 827 531
581 293 41
9 105 982
673 707 193
464 793 13
24 232 636
325 23 941
434 652 95
812 317 851
94 67 570
115 451 951
244 275 462
817 620 866
392 624 545
285 795 873
485 350 249
714 784 378
50 609 680
811 272 236
119 332 594
601 504 954
136 839 154
750 406 768
741 618 264
344 39 571
513 128 649
558 540 406
155 23 490
765 161 209
803 512 669
101 746 5
356 754 757
342 638 744
180 562 768
65 475 829
857 526 70
618 284 1000
359 307 85
591 570 190
398 780 916
644 538 568
688 29 396
201 546 143
175 174 28
490 83 182
319 354 564
52 390 64
673 661 338
107 321 138
27 276 965
255 676 216
585 637 795
595 392 872
675 480 153
156 659 553
389 683 519
262 690 660
396 36 234
207 134 86
58 587 615
404 425 578
328 638 60
197 447 431
425 767 64
643 501 21
620 257 373
806 847 916
216 124 716
685 12 919
612 550 386
453 384 590
676 603 773
174 406 498
403 757 354
312 209 824
848 19 885
614 326 941
115 750 451
566 526 824
87 712 301
747 107 191
754 495 629
455 519 513
838 787 707
378 354 815
869 81 774
473 603 665
12 687 644
696 273 194
762 432 535
741 32 310
197 566 598
380 94 788
649 730 2
235 292 989
67 322 38
695 396 409
499 803 410
598 791 722
682 4 699
213 627 882
772 684 564
587 703 451
819 541 102
69 681 571
45 381 84
345 517 890
49 798 525
247 243 52
639 821 282
45 576 70
164 490 648
21 232 84
387 255 719
361 555 499
539 835 233
475 562 397
36 623 831
181 325 508
49 698 532
217 70 941
308 754 364
363 590 679
62 134 617
314 338 716
496 535 227
475 513 412
566 104 214
457 671 974
489 215 307
94 373 575
815 587 755
420 497 350
16 150 316
394 441 693
867 395 687
273 536 153
89 214 221
249 205 849
691 555 904
524 18 117
687 390 845
194 653 292
596 578 536
261 834 768
581 315 777
454 8 392
613 774 64
653 221 1000
145 755 720
826 736 619
314 46 34
353 864 697
378 756 716
650 464 796
787 13 716
612 758 578
95 627 788
103 755 613
712 172 141
607 146 925
724 605 347
422 405 921
404 91 119
47 467 596
856 40 552
187 496 234
125 833 828
770 23 112
354 340 390
487 663 863
372 538 560
282 133 524
470 214 990
269 722 144
162 429 987
299 60 133
725 44 673
601 122 474
245 858 283
750 52 11
543 220 588
658 562 167
28 44 869
547 217 597
566 504 344
381 820 245
463 200 717
141 218 834
820 633 767
386 440 498
275 113 940
150 151 653
262 870 735
542 753 309
690 504 416
540 541 236
642 362 944
748 106 333
764 17 371
47 811 605
600 443 784
283 86 846
160 27 647
480 153 348
794 243 37
536 643 47
563 812 677
793 413 979
275 3 909
196 842 645
145 692 769
685 431 850
137 846 98
183 450 948
641 324 934
830 741 521
440 457 37
181 452 185
866 552 69
108 173 748
214 15 856
278 370 580
396 438 57
579 21 840
756 287 963
207 94 266
280 13 589
254 103 692
303 566 153
867 823 63
651 135 312
771 508 435
638 391 802
456 598 705
839 339 616
55 37 750
230 479 270
350 141 365
209 313 572
257 439 869
627 383 377
152 410 945
672 788 484
744 802 999
751 405 43
514 774 818
382 79 245
159 703 853
144 516 317
633 865 345
185 629 90
197 252 652
30 201 839
389 396 99
502 417 218
75 826 348
99 674 360
226 463 200
517 323 428
215 631 239
67 853 262
582 48 135
334 218 900
507 435 205
674 761 783
751 211 914
489 50 707
112 314 123
35 515 921
580 636 376
859 255 753
338 422 32
267 841 722
832 186 275
12 629 497
140 737 812
760 254 90
188 546 760
592 265 682
562 628 630
63 90 867
710 61 463
400 629 524
865 477 154
194 634 302
613 260 646
737 8 306
633 233 430
290 70 441
338 180 961
197 530 991
185 599 503
660 658 666
403 292 874
140 2 65
708 532 981
591 572 87
209 268 368
520 619 772
241 317 304
122 226 96
804 550 89
161 38 613
133 70 967
83 650 548
220 525 490
78 502 69
230 18 448
197 93 837
305 231 954
863 252 505
629 434 828
86 191 98
43 541 910
209 473 965
548 246 954
248 537 113
635 736 200
593 616 348
38 778 604
110 227 103
41 390 754
628 375 111
671 731 102
245 590 534
556 335 4
557 850 4
358 778 820
557 61 626
471 815 376
505 867 783
594 315 346
701 593 825
534 281 99
76 252 818
115 85 861
402 818 942
218 593 727
265 737 649
67 105 632
566 120 929
708 438 724
801 100 130
858 818 275
347 33 495
427 419 994
712 150 951
671 424 555
375 500 822
856 216 434
500 575 685
602 363 536
832 758 260
833 271 22
190 818 164
136 187 818
279 130 458
807 244 986
261 107 373
276 673 718
292 592 514
296 684 70
126 278 224
671 484 448
118 258 242
843 554 158
485 748 729
363 770 352
171 746 794
766 526 275
99 72 636
13 534 257
840 437 266
346 114 623
349 79 236
550 449 73
657 31 598
846 700 460
436 853 422
2 300 108
272 376 703
539 308 736
61 435 157
115 537 682
605 831 632
298 402 317
271 362 251
52 363 640
261 825 256
303 189 990
686 739 709
233 734 767
136 356 594
233 585 441
182 663 785
31 617 914
454 723 686
482 498 121
678 195 904
158 304 1
790 590 470
480 242 695
348 865 97
373 608 738
868 373 50
88 170 826
9 679 914
705 409 571
805 698 888
467 790 411
451 623 229
267 579 684
452 544 511
430 861 477
560 118 310
235 801 882
840 675 961
361 248 171
183 313 558
679 228 652
158 468 110
686 186 14
593 439 444
504 41 726
742 426 236
90 59 973
222 839 857
155 857 184
346 591 326
330 33 677
94 70 327
171 521 205
785 33 542
93 201 393
226 126 204
453 384 548
47 358 258
387 5 796
283 451 271
675 396 488
776 860 876
281 588 336
155 615 28
513 621 127
491 156 402
432 832 722
254 428 718
105 538 802
851 491 968
29 348 404
839 345 407
567 357 158
829 454 751
445 440 483
722 257 324
131 865 477
48 680 317
748 257 796
303 723 610
392 427 628
705 361 157
810 163 929
30 610 757
589 438 569
830 563 982
550 723 357
368 342 639
700 402 880
418 387 233
788 37 563
47 345 945
827 375 754
600 503 944
366 374 408
325 604 614
824 176 686
144 555 355
606 865 58
107 625 298
600 695 933
299 488 612
690 281 237
657 718 87
689 821 336
120 832 448
248 801 765
103 853 355
431 369 852
86 136 720
352 786 81
527 847 415
166 161 840
218 118 353
520 660 415
531 739 562
384 576 897
710 377 736
82 865 135
175 448 871
408 523 880
702 733 192
830 178 512
637 349 590
779 730 378
199 142 733
495 171 363
36 608 538
23 632 516
101 437 486
294 551 688
836 500 933
131 362 129
193 74 117
217 129 819
177 470 549
387 333 12
767 456 850
617 552 671
768 135 786
564 291 679
596 208 53
572 726 324
842 89 624
847 231 213
638 823 327
222 730 477
843 288 53
405 197 360
838 61 665
564 523 498
156 477 995
294 866 285
858 403 418
225 20 433
218 868 152
729 713 622
614 21 642
320 435 153
197 593 443
348 497 145
548 329 4
90 471 461
194 582 499
642 823 115
410 131 35
398 135 411
461 801 472
612 687 378
377 64 236
411 788 96
381 516 370
223 664 504
780 668 532
804 530 807
329 150 829
568 632 103
501 134 583
629 499 703
456 816 576
809 269 358
620 548 453
861 486 801
623 86 220
452 759 641
833 350 649
317 737 74
721 246 800
8 424 545
295 559 984
201 362 791
219 756 542
734 219 721
108 657 971
603 79 347
440 844 231
17 170 929
258 856 522
362 829 56
399 430 56
602 576 426
823 4 980
614 722 703
342 773 115
651 33 803
822 677 549
456 357 598
127 829 407
529 276 169
252 77 876
423 263 163
653 614 149
397 859 340
456 437 714
332 570 736
793 171 891
256 791 255
795 223 1
150 111 556
772 780 859
635 471 12
626 33 598
208 615 385
212 410 240
191 855 815
857 583 333
432 265 341
856 21 556
774 267 646
131 88 138
33 279 726
255 78 547
279 46 21
476 800 654
402 575 796
509 560 575
1 283 160
127 576 601
713 647 497
315 266 769
19 205 858
623 403 824
142 549 445
463 694 814
331 213 138
682 764 404
577 279 761
321 834 760
610 396 863
382 248 831
581 583 148
246 545 573
79 594 546
105 429 791
765 8 694
643 341 157
800 314 718
438 861 507
624 544 130
421 59 441
450 504 796
82 710 375
374 217 398
122 558 301
28 208 413
381 454 316
868 476 823
747 689 928
320 499 247
479 609 993
716 540 150
610 25 342
13 426 53
563 24 940
421 571 73
813 353 611
727 222 391
703 52 968
148 426 374
168 579 484
525 521 98
297 735 334
592 48 372
542 726 91
124 131 65
376 445 442
424 771 263
669 664 62
292 447 647
856 626 469
595 382 428
21 15 359
727 844 942
289 217 969
28 69 91
161 666 269
859 139 330
149 744 876
639 801 351
412 246 276
598 737 656
414 687 451
752 736 90
242 811 752
661 391 77
175 14 502
242 469 441
124 247 867
537 116 552
378 523 248
544 325 751
602 145 876
69 221 513
75 542 377
217 5 929
235 41 138
59 821 108
668 73 513
850 160 686
520 451 275
698 203 948
25 215 757
283 202 50
815 543 827
322 567 289
814 830 299
777 420 286
37 478 691
777 514 994
491 143 764
527 491 227
218 259 343
452 166 976
170 136 795
467 152 570
705 202 423
451 840 617
817 409 891
622 14 485
681 833 25
222 448 871
675 850 907
313 404 342
128 609 945
423 431 720
611 202 226
593 808 325
709 189 491
387 400 409
603 512 600
807 590 309
783 738 295
90 695 399
612 708 546
387 109 319
704 557 511
652 413 224
255 391 535
554 335 75
116 479 603
113 207 782
834 825 500
159 733 192
228 93 758
855 181 34
778 255 825
850 37 997
810 26 898
516 236 228
191 813 131
576 852 601
145 806 556
260 196 400
44 331 908
225 659 735
415 693 740
433 777 999
481 280 10
362 9 972
255 376 268
748 150 94
1 13 704
80 822 849
648 487 924
522 727 500
131 480 507
806 544 781
183 741 71
490 242 832
820 41 901
358 224 537
426 775 286
863 168 426
693 664 401
695 376 306
668 845 509
589 806 812
390 606 321
366 496 335
863 868 339
168 777 208
64 99 157
443 13 976
726 773 239
268 692 968
491 612 759
703 152 174
294 362 520
188 688 440
260 836 455
628 770 762
549 794 634
135 832 907
786 464 931
762 684 817
734 865 847
259 448 100
589 332 784
401 322 191
113 63 527
403 366 557
119 756 546
379 295 312
167 324 247
500 773 202
39 452 320
572 733 159
194 116 601
480 214 515
595 779 760
243 869 811
503 738 369
318 597 546
574 616 11
6 182 5
454 481 649
744 511 836
24 97 852
143 701 710
811 469 355
371 683 566
25 856 684
582 305 647
539 716 580
137 646 131
504 173 930
593 457 699
729 226 353
520 551 953
765 287 795
733 287 214
511 724 903
104 310 457
592 174 167
225 594 408
810 747 939
408 176 243
138 229 683
104 616 216
74 23 240
349 663 201
225 655 182
579 276 725
633 641 894
190 410 981
754 390 990
722 427 887
27 213 669
140 730 664
431 663 659
426 578 48
306 33 164
208 305 613
754 48 361
147 228 255
832 843 624
756 109 432
572 486 522
405 681 631
93 644 356
729 362 589
363 806 372
862 506 801
28 760 124
428 650 979
847 707 632
167 794 982
810 85 421
310 457 919
716 605 684
33 184 721
738 835 883
153 465 707
361 225 95
193 75 610
36 562 454
197 835 94
345 595 429
53 588 47
197 585 439
46 644 792
77 375 435
42 376 759
583 868 655
724 41 704
521 853 941
200 414 66
665 411 535
183 653 392
421 450 570
148 61 990
221 338 908
704 403 93
108 660 338
488 552 827
488 853 645
284 834 347
428 158 670
556 292 435
44 470 571
227 121 841
20 417 728
59 266 113
310 529 272
757 751 353
788 52 192
671 341 377
457 380 34
693 349 420
844 390 12
270 807 114
387 303 80
656 832 4
299 578 58
713 388 819
236 620 12
22 24 620
523 220 784
113 265 51
334 650 909
234 582 917
494 84 480
214 669 917
12 320 673
718 67 795
789 139 943
511 393 654
653 862 718
577 645 625
268 288 433
360 42 728
319 24 515
852 685 8
311 536 918
198 162 304
517 221 869
10 77 697
675 367 235
521 689 349
131 624 83
573 833 194
821 805 490
321 851 231
113 379 618
681 862 86
856 798 2
459 477 686
641 145 994
671 268 650
187 786 534
837 32 799
96 593 512
200 702 11
842 76 644
93 482 946
327 490 99
773 593 884
791 215 424
763 700 130
123 44 703
772 732 149
453 88 588
427 404 819
814 98 894
714 269 693
763 229 86
219 748 975
320 423 247
522 320 786
166 239 426
692 80 16
558 206 913
40 78 309
690 128 427
749 424 850
360 829 109
613 524 130
114 22 986
58 414 341
187 627 812
246 208 463
526 170 217
239 566 291
38 10 295
710 259 157
618 356 98
265 805 607
472 765 413
417 451 31
458 698 248
436 458 231
357 205 122
175 620 630
603 9 919
382 566 796
539 277 352
249 124 652
592 197 878
610 591 975
773 723 523
742 145 96
777 56 869
754 469 908
297 618 577
742 620 786
440 251 524
138 815 783
816 699 507
396 681 885
286 81 753
554 753 987
393 425 717
817 610 882
762 157 409
249 312 395
693 718 384
558 122 190
113 583 340
89 802 60
837 338 828
772 264 130
376 792 870
175 170 293
101 752 587
816 332 353
656 518 468
532 449 554
870 599 792
675 148 392
296 702 140
655 169 643
73 477 324
742 769 596
288 209 733
575 285 27
466 624 683
706 676 194
499 763 667
495 291 983
846 571 671
658 196 807
124 508 227
456 690 649
399 785 323
584 682 898
759 740 234
60 525 604
582 79 958
173 759 840
31 367 804
860 473 566
496 12 375
60 741 665
475 366 430
175 820 687
699 281 482
320 717 682
744 400 851
424 590 366
816 616 428
213 138 753
629 749 308
273 46 781
709 325 996
728 714 618
564 18 669
398 23 447
259 680 81
459 175 449
51 674 67
560 173 332
290 852 980
802 544 756
459 553 63
708 222 302
24 342 25
290 407 27
238 620 119
26 459 157
639 852 991
88 714 926
679 680 263
760 504 822
447 793 512
571 642 666
143 76 946
637 535 988
836 58 137
659 164 513
15 143 987
106 369 744
402 483 768
859 760 602
739 557 436
691 77 123
279 20 53
750 757 681
848 351 368
160 260 870
704 551 743
438 387 651
67 219 765
599 102 518
448 49 81
831 50 465
763 185 924
71 533 845
202 24 898
239 340 864
518 132 662
81 496 621
77 34 920
455 617 428
547 315 617
626 196 878
648 350 967
26 355 258
142 37 178
740 449 964
407 360 291
352 571 967
570 804 738
128 712 503
438 455 90
533 339 442
382 817 637
239 614 1000
60 712 983
286 362 788
785 699 450
92 294 61
482 594 368
96 702 876
756 429 120
852 208 230
188 229 147
222 464 628
198 554 669
11 783 98
545 565 851
409 464 664
44 257 641
88 507 568
677 90 597
222 295 106
795 635 413
507 823 332
793 803 352
358 142 232
647 713 513
281 765 993
716 663 768
33 424 867
59 503 735
299 360 809
361 392 414
314 7 524
526 699 838
400 146 880
456 574 562
147 343 625
591 295 65
560 339 889
792 220 570
818 51 181
398 472 200
803 126 408
426 312 384
714 400 958
421 468 940
248 726 360
371 637 348
795 331 415
789 497 765
208 32 552
695 390 892
185 285 688
69 712 517
652 666 747
582 45 292
210 400 44
34 750 20
538 741 586
335 530 941
84 462 745
61 225 954
125 371 245
262 793 40
676 277 627
67 334 782
865 411 749
276 526 892
574 588 702
37 661 283
265 200 370
101 652 844
103 395 817
291 225 436
653 645 848
398 359 139
865 805 707
564 55 366
426 343 413
308 706 878
651 674 445
454 206 365
397 550 859
784 317 981
46 25 850
151 236 918
74 691 268
679 599 13
708 209 710
569 697 842
93 27 985
409 87 453
758 386 147
46 841 72
190 315 399
212 234 138
384 348 6
394 551 627
808 385 193
460 367 714
210 270 971
637 321 273
4 238 216
345 220 323
637 717 650
450 593 796
610 680 85
161 480 20
252 13 867
709 836 360
44 792 914
647 14 634
480 791 581
383 258 696
275 547 356
847 367 863
767 675 520
495 775 181
164 13 225
110 21 678
138 793 105
867 484 206
639 710 569
685 487 762
255 844 824
822 369 806
289 693 238
132 828 77
255 272 57
709 803 649
459 639 816
287 196 289
149 365 321
776 398 406
358 720 286
390 499 20
79 686 896
390 328 297
870 310 228
30 734 647
695 120 124
785 165 133
257 432 30
500 311 919
704 562 330
733 659 58
513 868 982
483 132 439
110 663 639
257 640 584
32 610 247
433 42 161
235 845 667
652 263 439
461 555 19
238 338 664
499 217 505
373 308 856
307 85 658
853 416 158
553 147 464
546 444 645
431 16 799
336 306 656
352 842 401
149 479 208
155 848 38
154 637 783
591 141 260
355 69 933
493 610 593
167 612 261
85 313 367
302 754 24
718 558 919
641 4 740
785 82 21
53 786 726
143 811 948
460 825 81
158 701 639
167 715 175
141 674 941
182 133 657
540 860 569
692 459 394
649 344 529
251 366 145
545 246 722
135 278 288
82 630 876
274 624 797
103 303 54
615 139 825
155 400 400
205 420 759
461 621 276
776 748 864
545 834 890
584 443 387
608 787 333
844 427 115
242 712 73
416 854 549
478 206 157
729 497 716
870 700 551
817 748 225
426 302 806
150 175 108
428 751 237
811 786 522
313 84 571
680 738 469
257 446 775
834 526 82
451 99 414
235 821 845
621 152 813
750 92 839
464 7 186
551 618 306
317 521 54
720 579 666
870 663 898
518 531 301
855 856 488
726 177 795
275 838 507
499 368 420
320 306 539
405 627 148
625 852 911
711 99 517
688 345 38
178 354 220
183 754 604
219 866 651
382 520 321
728 563 679
328 778 750
637 547 974
747 709 58
13 675 413
515 560 473
861 285 484
284 133 120
194 232 456
594 780 916
384 649 490
27 566 156
715 241 850
600 829 16
543 58 63
239 31 849
761 319 756
418 383 130
110 3 343
645 167 870
36 567 72
385 782 709
709 214 815
813 491 7
713 226 266
6 292 45
287 599 902
768 585 653
35 131 469
811 398 996
50 851 187
136 789 609
630 136 412
539 695 886
502 619 944
622 811 399
269 434 627
406 3 268
768 270 439
771 206 87
671 624 321
761 398 486
762 745 296
123 408 493
569 456 110
113 174 495
787 812 546
403 470 864
479 557 399
867 62 513
481 621 35
822 535 353
744 442 610
517 464 868
602 399 536
431 779 137
214 260 174
594 105 743
141 349 794
201 198 678
675 18 972
317 795 320
52 513 645
394 843 296
530 706 123
131 90 699
246 839 155
57 32 263
43 83 963
660 724 215
408 78 107
24 472 835
820 777 167
713 814 716
481 173 592
460 364 551
242 861 15
136 707 534
140 682 144
627 357 400
501 49 890
249 514 7
763 356 409
723 687 430
66 28 757
676 384 698
394 218 270
109 526 419
832 659 112
589 227 500
449 864 712
332 784 551
661 256 69
558 818 985
701 506 463
347 2 818
72 549 415
233 806 424
472 689 103
50 690 936
272 601 442
138 514 389
50 348 994
184 59 371
245 131 927
140 195 596
247 118 137
765 265 757
780 688 562
104 232 571
382 9 736
132 739 679
285 460 957
125 667 357
623 475 527
267 763 33
194 547 995
689 714 236
637 243 724
779 350 356
236 697 684
483 203 745
455 855 974
850 796 767
780 400 391
392 767 102
70 412 954
694 840 349
731 721 525
465 600 77
129 46 354
347 409 603
208 3 16
513 520 69
342 162 594
59 748 1000
606 328 355
524 34 620
242 765 394
533 141 246
290 259 300
291 762 445
859 237 258
212 709 216
109 126 719
3 44 666
123 504 210
207 365 894
523 135 202
47 412 66
6 160 207
690 49 572
859 163 762
612 64 690
539 344 598
358 153 470
515 777 457
353 576 95
344 641 355
838 231 500
432 635 153
752 481 508
282 376 312
656 468 595
844 436 72
511 718 615
132 807 614
695 545 562
695 761 803
345 137 94
688 831 472
856 238 974
765 853 113
739 256 898
681 727 970
833 748 27
173 457 704
644 68 131
337 479 377
394 464 517
97 432 884
382 3 109
102 833 494
36 126 793
605 376 913
650 258 134
548 626 850
64 706 639
841 158 343
730 62 702
600 651 374
817 864 169
755 256 353
563 341 43
267 283 920
290 74 132
473 615 352
365 483 979
372 770 595
147 213 740
556 553 744
635 856 121
109 701 441
89 716 652
246 528 192
557 430 855
780 227 733
268 495 543
271 243 814
765 262 560
247 240 435
22 426 939
393 90 997
19 90 170
813 151 544
131 851 706
494 702 353
137 121 790
721 619 829
220 85 751
220 258 72
134 143 263
782 586 607
774 614 637
689 304 983
253 126 338
531 748 636
493 366 293
430 593 960
438 793 50
315 667 866
825 725 52
804 754 86
462 839 386
306 244 688
246 696 961
856 333 363
681 741 800
781 763 960
813 198 784
538 582 873
615 439 444
360 255 473
672 162 378
490 606 735
794 584 322
359 870 921
733 446 330
174 764 534
330 203 917
587 562 362
64 600 496
706 355 937
17 539 995
556 582 851
468 786 948
758 307 567
392 625 372
539 193 965
638 309 735
88 264 311
470 492 795
643 319 814
102 282 238
385 840 138
101 406 589
458 440 649
852 662 387
555 518 689
281 356 136
524 180 749
762 160 970
797 656 888
139 163 164
527 489 393
801 36 489
166 785 948
697 437 633
285 756 192
252 24 802
77 92 358
135 264 495
236 472 543
140 361 1000
781 376 649
201 733 779
460 506 58
502 654 385
543 669 594
440 231 137
70 330 345
568 21 528
839 782 384
678 489 948
651 786 447
668 472 624
303 427 647
417 854 980
728 760 584
326 816 4
416 194 853
639 348 282
364 458 535
391 176 361
821 60 713
709 800 514
377 342 548
37 88 233
372 676 577
512 335 307
259 437 431
741 199 683
589 569 759
869 432 335
438 679 620
176 328 355
353 457 93
453 252 800
172 615 732
854 256 49
146 753 44
809 685 292
172 804 130
681 460 143
356 264 545
657 651 263
164 206 18
157 400 485
204 31 514
826 13 662
717 372 914
360 455 281
103 26 461
50 848 623
802 616 912
471 196 260
490 5 228
386 678 142
187 38 462
66 329 360
115 653 339
283 96 135
535 389 901
335 756 855
689 364 487
843 159 72
578 652 584
744 793 1000
532 695 353
415 512 894
96 82 842
279 654 676
284 654 386
790 207 382
241 136 351
799 301 76
112 699 144
531 583 396
817 178 38
749 19 711
633 442 196
762 206 915
834 322 41
113 372 41
29 31 753
245 181 580
65 576 27
91 23 953
703 390 457
121 623 409
124 466 330
594 800 97
630 90 78
172 36 15
568 784 704
260 102 648
643 171 935
522 143 597
289 38 323
300 428 515
51 634 816
383 818 64
694 334 567
496 333 201
857 122 954
301 643 2
612 25 432
821 148 141
356 215 665
42 653 890
573 96 25
85 165 376
377 691 325
776 845 228
763 731 727
560 31 91
757 163 531
848 77 810
614 382 982
161 89 366
710 66 513
79 171 644
226 380 148
712 229 456
592 427 632
343 160 327
257 258 330
1 319 585
421 796 393
418 313 685
677 424 200
776 468 106
433 865 125
335 850 759
485 689 106
131 611 214
697 95 933
638 192 752
169 610 888
635 615 347
80 211 494
370 495 578
538 809 11
740 624 511
18 590 343
406 105 251
385 77 725
382 66 90
31 598 910
402 547 291
512 736 714
231 619 305
16 632 845
53 476 51
279 508 555
389 491 552
298 697 440
83 379 406
343 219 133
693 520 752
274 726 253
472 574 927
90 576 456
356 409 841
689 339 774
450 833 275
787 146 715
820 858 867
153 239 328
291 518 524
374 745 339
79 467 29
62 140 331
689 517 464
702 28 858
657 161 988
326 599 373
213 306 121
512 589 934
4 833 772
804 50 454
112 671 637
524 202 284
425 5 373
227 857 923
563 134 839
824 347 28
290 543 304
520 833 100
537 82 18
694 442 886
194 193 592
158 92 387
498 82 569
439 583 999
190 838 406
184 701 374
612 719 684
51 828 435
518 286 997
405 465 552
356 526 178
3 104 646
557 700 599
693 783 152
798 290 759
426 118 539
827 61 225
727 575 582
728 384 497
444 499 59
564 706 694
515 467 555
42 593 318
673 154 403
618 469 893
390 842 109
863 63 889
512 686 795
253 709 837
296 742 128
430 500 298
337 159 117
289 268 674
389 374 457
496 822 461
219 300 727
252 835 260
175 601 614
251 338 398
756 7 104
727 468 682
615 646 783
60 197 222
591 519 591
512 714 68
91 100 557
533 520 833
784 67 408
461 185 924
680 476 347
351 441 672
87 439 303
149 779 430
100 739 341
542 207 117
104 139 314
376 380 794
799 564 952
263 547 992
289 342 869
754 267 932
121 723 472
350 494 37
265 796 895
573 339 576
728 150 962
246 475 437
226 636 24
402 799 65
106 622 175
538 489 8
791 70 680
655 323 789
677 176 920
150 255 705
393 373 845
266 507 346
793 845 936
792 500 47
855 802 829
204 806 787
258 77 564
669 22 926
825 806 378
420 526 108
230 654 447
702 24 42
442 140 983
307 823 369
109 288 933
76 203 63
278 176 185
353 732 974
432 124 183
665 109 262
512 773 117
515 139 649
14 126 700
849 628 560
34 461 223
19 532 518
526 764 756
256 598 162
245 491 69
40 125 163
396 577 136
43 15 49
576 177 353
496 287 758
258 280 47
319 839 359
46 79 549
514 65 615
413 109 715
46 22 82
743 685 640
449 793 442
795 563 135
770 667 897
846 474 781
350 163 1
592 405 723
82 683 624
662 612 150
282 122 743
436 301 340
603 789 355
597 801 938
766 148 643
465 778 288
618 384 30
106 132 15
644 648 26
156 359 891
566 126 766
498 290 812
144 98 522
293 449 415
289 696 938
574 666 794
861 633 869
727 590 661
293 334 308
831 27 631
625 177 129
656 589 578
397 547 146
376 655 370
254 378 475
170 299 861
280 39 68
24 832 700
573 546 605
297 560 413
532 334 781
460 823 871
103 108 866
174 62 635
489 70 520
538 145 190
97 694 819
264 846 671
357 215 15
310 176 519
5 366 950
865 188 941
148 542 368
146 669 791
802 73 360
614 797 396
476 23 66
189 750 445
23 817 793
286 523 577
752 830 321
858 384 254
317 471 542
452 580 856
679 186 360
245 677 605
598 707 784
329 337 85
503 274 210
5 383 836
129 860 956
146 134 376
504 360 588
169 342 422
493 77 104
384 644 315
489 416 332
212 568 644
527 631 487
367 538 567
666 437 69
236 295 361
159 183 10
235 62 768
181 98 442
204 748 570
173 679 852
788 803 508
337 532 255
32 827 314
564 153 323
419 297 673
314 513 619
103 563 918
439 128 574
290 7 97
453 634 426
608 367 882
110 588 678
448 186 317
543 529 64
332 561 627
486 144 228
669 96 501
735 210 925
845 574 302
288 624 719
367 457 621
772 289 745
52 546 519
418 343 557
273 743 810
152 818 796
4 564 735
742 462 900
332 416 7
433 14 34
695 307 224
162 193 581
384 297 441
441 798 962
825 371 282
562 836 977
601 155 869
392 582 533
806 580 362
399 100 197
2 34 65
693 303 424
864 182 613
48 754 445
113 659 759
543 205 610
834 668 381
510 734 797
863 521 428
385 846 540
64 582 287
173 279 590
848 267 453
667 47 438
579 800 191
59 671 296
778 44 338
464 540 826
60 743 653
606 865 744
388 786 90
577 311 255
49 226 259
269 835 731
846 478 295
384 266 665
459 248 367
291 376 174
163 194 751
570 86 168
792 683 614
22 514 324
736 260 186
576 832 79
206 748 64
864 193 108
339 245 705
329 111 91
54 687 152
611 399 91
524 338 371
268 763 691
176 499 425
462 142 689
330 818 782
715 257 800
418 734 97
840 263 851
267 26 575
626 300 421
784 469 327
61 864 731
427 405 104
270 834 788
697 792 567
568 527 988
620 716 646
683 818 676
285 190 788
350 215 333
225 191 93
6 407 656
839 677 580
755 169 383
767 322 912
503 700 749
83 160 779
330 301 388
450 773 646
255 116 49
339 458 130
205 233 952
713 575 560
299 473 118
606 400 705
110 42 699
579 417 627
426 113 190
565 775 336
367 146 651
632 656 932
662 59 50
384 444 816
59 663 455
836 745 109
208 817 663
116 77 154
741 103 733
355 402 772
636 24 701
330 496 953
460 466 885
684 828 80
3 848 406
386 321 451
347 700 432
810 672 429
175 224 518
353 187 888
24 190 467
328 574 478
792 442 691
627 537 854
497 430 780
570 167 847
334 146 411
528 411 41
303 211 69
42 321 114
597 357 86
231 732 517
700 586 426
623 545 104
520 163 811
863 750 932
119 686 628
301 673 272
549 121 337
731 846 865
576 514 449
313 415 273
467 429 571
597 735 400
577 290 733
15 314 895
695 486 209
772 706 657
253 224 839
518 23 799
612 340 373
320 383 398
452 493 663
458 112 56
745 451 927
265 812 395
660 332 267
663 487 577
49 617 231
384 688 19
457 345 306
80 356 356
7 261 441
472 504 338
574 628 726
186 721 220
811 18 396
552 583 683
855 585 346
790 731 398
250 475 835
97 775 357
710 150 375
677 549 265
460 613 283
423 70 686
647 843 567
411 501 875
797 848 512
185 703 591
870 856 13
511 501 549
624 254 587
375 592 185
116 401 230
645 193 674
235 527 251
26 330 114
109 864 863
222 535 779
865 187 448
241 16 186
647 294 445
782 293 622
289 816 549
119 558 148
60 673 353
629 843 249
359 332 185
644 591 282
254 129 814
188 676 14
215 655 889
9 604 269
266 583 790
63 100 973
744 538 60
646 97 576
526 457 49
225 649 115
276 188 562
211 69 895
360 80 766
334 748 569
146 666 373
808 56 926
831 236 820
546 178 24
755 419 219
720 670 621
454 512 802
666 737 431
373 781 416
213 312 541
76 577 794
145 663 255
766 167 278
657 869 740
869 53 913
860 751 261
487 541 362
297 429 273
621 80 692
672 829 899
867 838 970
88 185 601
429 748 701
280 142 70
304 493 272
308 232 551
467 113 221
52 35 657
624 740 981
855 304 64
572 129 972
546 567 261
858 203 757
612 11 153
743 555 438
452 375 920
828 592 400
635 493 481
601 812 928
584 189 73
173 30 568
461 626 46
620 816 594
226 397 933
859 792 764
119 545 913
806 754 700
773 528 212
285 174 141
837 408 608
556 849 543
698 227 444
663 56 946
500 67 347
422 541 306
323 605 736
561 366 86
506 170 268
453 197 996
116 787 154
288 117 742
847 153 778
80 483 145
119 331 680
195 855 606
787 248 369
65 57 113
586 520 600
345 77 125
804 26 755
95 171 71
757 25 108
838 357 136
184 776 264
208 199 570
600 249 99
107 3 688
823 156 80
806 197 976
1 635 14
299 211 593
736 559 722
785 835 60
470 810 773
472 348 622
251 6 774
436 35 176
460 618 55
403 229 404
1 195 418
570 507 61
156 715 94
683 786 837
524 445 592
482 495 679
712 840 374
428 779 288
524 789 499
609 257 128
310 218 577
502 111 459
462 681 909
94 691 81
273 178 887
138 58 651
197 364 934
546 811 624
268 462 347
755 488 824
303 82 963
632 316 170
488 311 60
613 678 833
357 379 227
591 813 945
752 77 464
684 81 185
606 91 385
92 852 960
749 638 389
791 100 491
499 556 74
688 376 953
167 430 629
815 76 101
713 582 688
664 7 189
796 531 951
596 833 737
6 570 615
445 309 160
683 587 161
390 751 307
382 428 387
239 857 237
149 237 196
339 46 42
74 695 219
139 436 581
117 537 759
134 114 518
184 176 855
375 812 765
54 602 699
438 776 475
813 274 955
300 597 669
38 178 669
561 522 829
557 777 7
741 189 905
198 689 612
718 633 326
293 473 958
173 449 754
89 847 64
647 39 448
159 549 395
47 157 635
666 506 800
338 687 966
281 202 492
12 688 683
444 271 277
388 234 184
462 666 612
245 745 839
719 792 250
820 234 565
829 72 713
324 268 810
770 382 785
663 488 841
273 475 484
751 471 558
556 73 167
335 343 27
168 815 422
483 808 299
632 468 661
794 749 51
439 603 857
605 726 381
341 458 818
239 270 469
329 376 39
845 249 830
30 58 7
654 19 534
752 466 305
92 381 470
559 404 752
792 81 452
180 564 374
537 332 574
26 401 801
473 778 523
304 581 362
308 375 922
188 223 566
637 428 533
62 759 302
186 241 80
25 535 344
859 586 375
55 47 201
351 233 173
822 481 519
117 683 47
743 803 742
438 66 706
109 470 329
852 432 725
736 205 560
590 444 598
358 350 250
324 831 26
337 497 755
340 149 62
496 429 336
703 525 786
605 589 129
362 706 140
503 341 114
652 447 419
732 24 256
531 226 105
826 678 664
156 727 612
321 617 958
848 196 854
766 318 655
521 58 264
779 280 69
810 530 169
551 841 790
569 293 67
531 244 777
686 851 251
562 500 363
271 579 725
110 112 854
739 483 381
807 667 390
527 223 358
824 146 938
819 374 662
354 251 72
213 409 252
18 827 252
494 657 418
315 868 65
416 350 908
848 50 782
289 93 182
49 230 890
168 194 777
854 474 992
161 366 537
657 528 343
137 870 45
660 196 353
667 322 799
240 701 85
453 745 139
386 215 988
629 142 307
607 316 346
468 653 1
291 6 982
682 274 308
30 516 304
109 98 463
126 597 455
410 76 881
137 28 643
299 283 451
528 163 227
32 459 293
512 325 342
507 94 679
315 125 983
661 3 145
870 537 583
645 25 121
361 176 553
160 50 763
280 367 215
226 389 282
51 30 761
182 662 10
637 287 702
212 469 111
102 292 185
466 577 702
608 535 13
286 228 830
118 211 722
217 645 930
87 319 413
26 47 395
404 253 358
108 407 245
192 75 884
487 105 279
70 663 606
371 139 160
64 533 220
341 586 155
357 95 731
33 346 729
662 680 601
188 397 655
858 846 364
359 506 230
36 282 665
531 815 752
642 691 439
199 164 565
680 164 535
206 331 762
818 338 171
91 869 284
20 834 202
387 167 178
547 426 758
131 185 733
