849
66 794
639 799
187 173
318 436
441 91
116 428
60 26
710 360
789 86
550 165
377 557
486 389
816 245
90 783
760 818
9 414
625 152
319 331
754 599
210 585
227 237
265 196
66 468
32 81
84 362
161 317
180 457
748 580
335 721
737 638
21 601
144 629
82 53
397 321
27 19
213 156
75 114
14 65
641 95
265 632
5 672
73 132
202 19
129 618
21 262
181 388
425 698
433 522
176 597
686 681
73 42
603 417
74 433
113 33
26 161
93 140
298 301
248 276
23 50
288 677
459 765
217 293
214 289
287 697
152 54
512 273
791 519
203 727
383 9
66 521
499 511
27 559
168 372
260 51
351 205
104 236
842 705
275 223
344 21
339 186
118 243
515 189
421 579
26 259
93 308
160 513
652 357
309 419
742 185
363 75
4 156
307 814
440 637
735 398
141 271
829 745
821 475
536 215
393 173
22 142
623 810
556 226
231 346
323 152
398 565
43 626
413 104
293 357
481 701
566 360
154 322
822 37
131 106
291 241
212 849
711 743
132 196
206 101
496 757
234 671
79 660
786 636
126 714
169 64
513 569
41 163
661 392
82 177
566 616
12 101
477 170
92 123
63 42
353 294
528 8
688 469
266 196
811 37
103 16
631 528
6 154
739 115
166 731
451 67
110 32
149 379
687 672
15 1
440 650
8 35
186 131
124 136
125 91
94 321
412 485
103 368
726 584
179 199
658 367
172 99
749 345
604 833
541 24
106 369
43 659
713 198
216 256
432 331
267 478
4 40
484 198
3 111
342 778
438 252
215 64
133 374
572 612
264 134
3 18
276 467
715 397
45 64
426 546
336 330
509 505
395 12
519 385
164 549
279 420
846 686
47 255
268 122
587 487
225 479
608 623
205 830
364 36
191 313
277 276
152 695
60 76
305 804
46 41
533 297
781 68
229 195
211 470
391 205
784 729
31 316
35 66
805 76
13 642
192 217
429 353
179 66
37 422
247 722
343 45
15 99
499 368
305 138
599 105
55 678
272 20
662 502
354 387
393 538
184 239
752 163
843 46
62 299
376 118
96 38
36 30
51 36
253 444
333 164
591 573
109 320
384 458
613 711
107 32
188 492
128 162
298 179
809 582
563 259
500 275
282 9
611 105
35 181
112 39
704 37
509 526
566 594
502 230
104 105
699 183
627 519
364 598
226 97
330 95
24 19
165 437
507 555
494 681
269 352
79 20
211 116
654 51
21 149
38 753
282 411
194 234
805 827
202 304
194 220
845 471
24 69
240 630
412 305
698 795
365 262
352 501
55 498
771 452
249 655
416 491
367 103
841 702
544 53
235 348
310 487
649 635
476 193
392 832
116 32
516 384
85 102
192 252
793 144
394 103
89 104
248 819
356 507
8 78
294 772
354 40
121 185
427 392
4 29
240 461
494 283
466 458
241 421
153 118
452 373
280 79
823 622
764 378
43 189
208 668
11 245
7 176
337 83
740 15
2 38
104 160
345 787
42 193
161 836
272 590
170 442
250 10
324 294
34 208
571 556
85 44
720 45
23 83
48 59
158 98
373 360
222 595
61 223
3 6
1 3
657 273
413 416
230 117
204 812
529 673
593 296
39 17
639 503
407 718
6 17
126 127
174 140
664 188
14 439
63 278
168 247
120 508
307 225
14 54
9 203
7 25
798 258
315 58
80 463
8 5
65 608
674 314
88 469
45 16
817 628
134 5
54 159
231 303
14 28
10 328
243 251
828 246
767 238
381 140
270 83
2 30
225 377
57 242
233 232
218 126
290 245
709 505
231 1
371 331
343 582
263 97
439 679
532 558
193 518
424 239
378 493
24 58
453 378
117 151
545 339
103 834
716 572
682 454
706 376
751 813
279 11
497 634
88 219
68 3
559 600
113 696
619 286
67 609
636 376
228 50
583 408
426 353
106 171
1 2
528 669
779 518
48 100
362 402
41 47
503 309
13 16
221 41
656 670
815 313
89 175
431 80
13 4
16 133
638 645
410 76
744 107
351 481
417 354
548 99
70 30
773 47
341 29
164 12
448 232
468 647
130 847
530 85
124 68
506 531
244 385
53 118
142 297
23 844
249 62
281 98
130 112
159 311
478 547
210 309
358 77
6 532
284 510
312 280
573 268
216 142
173 126
72 180
288 139
101 155
741 97
168 19
449 409
178 78
390 1
138 8
622 63
106 50
51 415
641 646
261 63
222 5
242 840
665 582
31 286
762 74
456 332
89 97
464 386
147 554
88 22
318 796
2 5
472 396
514 835
355 205
476 520
32 25
725 163
142 145
206 382
25 407
195 131
675 621
511 524
423 226
221 406
380 708
729 449
2 11
61 184
275 761
656 133
53 24
693 825
290 332
780 569
471 81
551 218
370 732
296 48
685 689
41 143
474 170
9 5
61 483
633 23
201 84
475 146
683 595
314 169
70 335
265 568
135 65
246 148
56 62
705 257
644 11
92 71
229 514
18 37
366 241
745 481
422 602
459 402
394 443
736 571
353 581
50 225
751 394
29 31
635 279
837 733
284 300
16 345
755 27
32 257
43 13
561 321
385 446
203 770
469 614
159 183
480 393
222 334
3 26
63 67
571 738
74 65
594 628
283 29
86 18
252 703
93 55
462 355
156 604
24 56
380 3
137 191
769 719
83 128
435 289
109 69
150 318
271 712
576 430
278 694
46 90
38 392
351 733
574 459
248 178
58 253
401 396
172 455
802 289
756 372
17 19
734 554
803 418
317 792
115 22
136 147
496 289
7 3
51 204
719 477
47 71
156 342
53 370
108 8
44 33
91 3
562 190
372 580
820 400
195 504
52 84
14 12
6 21
118 310
285 177
586 433
208 287
214 55
361 59
384 250
556 776
560 549
378 263
80 3
621 464
488 69
396 176
378 578
13 400
157 135
85 120
570 137
55 53
468 763
272 707
38 61
130 497
34 41
768 428
700 663
389 473
371 434
75 98
48 129
567 468
46 227
823 831
196 284
440 251
653 347
302 154
506 684
364 506
414 785
21 119
274 135
2 20
68 122
117 167
790 317
194 70
15 57
393 613
273 403
505 89
826 80
648 166
104 224
404 312
165 130
11 292
235 80
766 81
112 207
82 356
577 122
102 209
584 2
685 397
81 95
295 75
138 166
338 592
44 77
183 240
166 607
610 135
527 47
164 552
40 615
14 617
189 450
11 87
359 273
445 116
273 45
775 82
117 111
641 750
495 378
418 537
525 175
20 75
126 123
291 329
640 200
96 325
33 31
211 360
349 589
240 454
4 2
21 146
340 288
573 588
47 269
10 94
189 197
543 304
45 137
200 319
48 418
495 534
327 209
788 205
806 798
774 474
45 542
564 2
676 117
125 702
57 141
41 49
760 520
4 258
267 31
50 200
72 338
638 150
48 30
690 399
624 160
575 357
253 409
356 398
210 89
182 112
115 244
705 838
7 10
114 144
44 465
21 23
232 223
414 723
621 807
362 460
77 89
252 386
405 23
666 94
10 34
161 389
603 691
52 14
212 198
334 349
59 198
807 824
236 692
375 281
499 777
14 139
106 241
271 724
153 238
728 425
596 266
33 572
540 324
602 663
102 148
717 302
68 72
746 498
6 205
643 66
606 284
184 254
248 326
52 192
447 151
141 190
68 651
114 808
535 525
294 284
425 74
163 747
10 12
539 95
782 214
68 347
559 667
514 839
42 39
