886 2647
609 442
791 662
755 877
179 54
272 526
779 81
113 84
723 89
362 67
169 552
493 310
720 390
412 489
162 362
274 595
228 52
636 838
503 473
107 487
492 385
95 804
776 43
157 747
731 292
345 225
805 416
755 512
772 191
169 819
885 141
119 83
600 840
144 767
749 259
164 143
864 408
701 437
646 224
426 248
724 455
619 795
322 354
586 416
696 43
881 654
642 740
765 285
525 337
24 382
405 207
482 124
814 236
232 481
267 617
804 462
863 667
644 300
24 493
796 141
824 596
828 331
462 871
859 42
166 91
744 379
145 47
595 452
756 705
796 21
619 602
763 529
213 330
644 619
105 15
432 873
857 303
453 717
202 847
760 376
208 853
464 751
725 139
159 639
492 712
367 248
117 512
670 450
395 406
714 594
866 383
156 467
222 798
725 519
821 316
697 30
515 99
719 195
129 71
13 370
198 237
145 503
291 16
814 250
77 661
651 586
787 806
640 285
220 630
115 344
740 442
705 328
27 305
232 28
86 875
710 684
508 839
416 776
666 341
410 74
411 188
503 231
529 655
365 589
312 551
491 590
262 878
853 142
448 214
527 568
69 690
498 305
874 382
596 811
785 314
428 55
372 409
156 537
476 2
427 755
722 371
83 365
28 442
487 247
70 494
683 811
616 14
283 716
468 875
212 222
416 337
22 75
431 205
605 743
468 707
74 369
844 128
479 528
778 274
98 255
486 706
307 461
320 411
265 270
359 538
306 47
736 600
273 318
313 103
369 834
356 3
371 439
215 856
695 103
626 865
863 43
49 352
603 716
675 203
252 451
401 405
97 124
99 368
218 203
156 824
878 543
55 746
208 808
571 531
857 173
340 583
425 219
15 264
204 713
669 283
643 10
96 711
613 467
407 238
230 472
43 763
539 279
393 226
269 741
57 410
111 75
5 405
761 276
65 285
428 471
822 131
662 247
167 122
170 359
816 872
618 684
33 114
721 308
666 432
469 853
848 40
135 665
267 436
34 66
24 229
662 31
43 871
271 11
361 418
179 423
343 189
532 481
842 844
438 46
828 181
6 439
597 880
193 7
265 690
393 453
178 414
16 461
626 705
149 751
811 36
794 244
723 381
529 129
584 831
590 538
774 94
302 381
527 844
342 642
382 96
590 645
260 68
550 310
771 39
520 464
370 116
353 735
501 750
743 291
195 355
214 205
881 829
807 88
592 322
665 12
825 222
851 313
241 276
358 150
1 289
165 488
45 525
85 662
16 103
883 847
721 547
173 798
624 177
660 774
126 475
335 288
759 54
467 494
585 842
250 840
53 517
881 140
184 292
351 767
191 252
677 354
437 791
757 509
405 456
463 779
77 473
343 684
843 345
609 62
208 198
121 81
865 181
415 293
682 47
385 165
167 30
42 142
138 701
264 20
124 89
272 76
326 787
494 418
59 372
495 55
830 846
525 111
506 265
197 601
3 349
226 197
14 209
842 324
422 705
317 416
265 349
196 524
178 51
383 565
204 739
150 510
636 388
875 94
342 27
204 361
381 639
754 388
312 655
60 373
78 76
226 406
852 777
563 781
602 813
128 514
789 467
534 707
776 141
853 625
854 17
31 549
549 499
328 670
627 34
773 410
266 758
493 205
220 523
445 63
522 464
481 688
26 214
176 338
709 142
551 305
207 58
29 657
460 248
794 575
500 490
282 165
356 313
691 3
731 770
865 500
665 215
755 856
844 626
118 134
837 247
303 687
60 267
659 672
599 193
231 580
636 259
13 873
870 357
876 449
309 557
408 762
320 876
673 741
265 368
728 632
583 383
787 650
223 490
297 39
25 541
559 502
323 256
415 595
624 195
381 522
98 803
172 555
364 152
456 420
112 113
420 138
566 622
697 493
367 125
149 427
494 879
834 741
428 73
602 434
806 556
586 424
701 318
320 658
29 715
413 737
655 870
529 515
550 846
644 501
790 161
813 256
500 13
191 262
598 706
305 41
710 605
414 611
588 154
771 788
728 323
854 338
546 185
123 616
589 4
826 153
663 335
314 527
829 188
406 546
761 222
706 553
486 769
344 794
753 500
237 358
495 573
386 3
582 837
162 487
607 61
573 296
28 739
273 886
36 214
772 771
402 18
630 572
64 695
524 392
360 451
88 200
396 795
574 87
224 626
426 665
699 646
398 106
223 449
38 15
834 211
429 525
527 675
566 337
413 699
552 85
164 462
866 224
709 417
124 332
457 301
207 345
559 180
778 752
262 545
693 861
415 364
147 364
376 255
233 154
109 141
505 846
881 314
521 377
813 363
212 556
251 731
640 345
295 861
593 287
668 367
514 462
114 854
18 313
690 869
359 621
839 423
491 128
572 724
480 255
334 718
26 7
762 269
853 690
519 460
622 122
550 589
717 798
60 561
835 442
514 457
567 369
218 503
644 271
136 627
673 659
746 500
196 579
506 42
734 825
112 370
793 234
425 397
405 244
465 614
444 862
106 647
822 570
733 405
534 275
556 191
80 213
699 430
139 370
158 658
195 676
548 30
808 302
695 3
542 322
194 500
570 222
364 369
348 219
187 223
762 172
433 168
787 339
660 632
817 545
195 284
826 422
24 618
133 94
135 675
634 341
586 263
280 227
648 724
227 28
635 139
670 414
601 450
171 137
424 173
260 563
778 42
50 219
649 779
269 368
550 195
333 147
776 593
813 137
209 336
195 206
413 326
87 275
714 389
721 317
833 411
543 849
154 681
784 662
718 500
557 277
16 447
240 861
829 885
28 461
83 578
541 727
670 95
288 254
788 804
145 750
309 237
630 835
521 340
207 88
190 757
601 639
140 39
368 758
593 483
738 835
81 633
724 296
251 420
453 419
450 283
161 834
882 310
113 6
284 662
508 854
509 685
468 89
279 690
764 165
621 748
141 685
751 596
292 146
242 750
703 26
294 720
172 590
512 362
214 61
344 577
358 102
289 621
217 435
205 657
42 245
171 468
634 721
769 287
805 574
184 350
2 829
775 353
447 293
881 163
720 629
497 556
813 244
299 313
541 858
766 838
692 730
622 746
698 539
79 693
652 120
247 52
575 675
200 785
866 494
703 810
798 96
258 855
319 744
197 806
733 148
348 841
42 391
49 247
674 175
825 630
813 290
337 60
137 47
191 228
106 371
859 851
570 418
257 741
60 238
427 632
153 266
605 582
664 541
850 184
745 835
391 423
796 66
107 673
456 722
578 814
860 699
699 601
482 399
872 115
48 32
4 349
81 613
703 134
464 842
781 131
251 664
474 105
507 718
611 242
188 590
580 472
122 679
466 757
388 246
296 365
102 330
377 185
677 718
15 491
625 216
684 445
280 11
209 430
500 750
483 456
307 809
287 712
418 764
779 160
327 748
11 314
804 587
255 67
184 704
311 854
649 71
188 581
541 209
524 47
466 342
156 574
485 578
451 269
348 854
82 467
104 679
181 17
503 774
275 680
312 670
702 705
412 220
506 291
825 173
220 801
78 643
177 879
319 224
657 111
159 60
198 580
879 24
220 619
104 885
650 525
453 85
406 476
844 477
543 136
364 631
156 306
289 151
438 399
705 488
411 771
703 44
158 355
529 268
251 424
857 375
240 314
78 650
800 884
68 815
489 163
415 368
604 726
53 771
258 173
243 886
783 463
210 255
838 48
772 572
846 400
850 47
336 254
227 609
433 607
116 828
222 83
712 622
455 140
772 175
799 793
26 860
300 229
742 660
191 813
802 611
767 258
767 857
507 648
672 172
609 542
204 680
387 472
249 612
815 153
54 496
442 424
262 781
631 320
706 570
647 833
599 157
413 618
550 404
453 692
75 289
610 227
537 129
404 851
408 278
564 219
801 738
507 279
257 588
113 199
766 327
258 853
79 320
856 804
660 499
698 810
190 812
194 198
231 79
734 428
667 496
232 359
430 398
491 108
679 34
628 272
699 736
138 604
447 862
321 606
413 496
553 155
631 476
319 719
658 125
217 219
236 17
76 592
26 774
501 600
496 223
296 682
577 559
725 361
690 326
711 767
231 810
306 50
615 336
329 147
419 164
845 117
459 390
320 832
853 704
838 28
144 611
358 182
551 664
589 549
36 443
239 737
496 539
777 683
116 201
748 860
396 547
36 125
504 101
608 144
214 308
623 407
408 549
178 493
264 703
283 176
69 655
877 669
272 569
756 113
61 422
797 561
675 694
695 150
275 731
93 544
738 266
227 787
820 581
729 629
806 688
550 581
202 872
689 362
475 785
847 327
760 12
425 754
180 858
88 340
127 390
76 187
437 105
494 723
405 321
595 753
209 350
139 854
340 362
861 621
878 693
202 186
682 352
105 558
640 457
182 731
453 657
402 110
404 705
636 511
630 197
633 871
500 298
413 35
198 827
159 579
180 143
293 488
666 248
711 198
349 485
39 62
740 726
390 534
282 391
453 748
767 10
127 284
761 426
76 1
823 435
128 685
814 89
229 82
604 751
486 821
864 799
77 30
46 310
624 705
660 772
518 799
97 609
161 429
868 663
794 734
285 473
676 65
634 727
528 72
251 876
640 684
342 755
436 263
846 789
652 849
173 383
54 514
553 302
275 646
802 704
794 494
566 263
16 538
680 679
57 245
865 32
116 859
870 819
873 635
179 688
627 253
243 344
353 579
249 692
417 861
768 35
436 270
862 550
722 803
101 336
858 182
696 837
314 702
461 72
452 285
18 813
757 507
190 489
707 340
158 758
168 81
103 514
595 1
65 577
598 884
530 653
57 723
605 818
677 389
697 319
754 709
162 98
702 407
388 859
686 716
29 386
434 210
270 291
291 679
623 558
385 212
110 659
152 201
247 415
162 629
813 739
386 333
795 100
279 79
427 405
232 721
876 296
785 401
487 770
79 802
745 405
781 26
431 639
819 590
90 191
398 161
628 521
80 121
479 478
281 34
800 508
711 163
754 378
382 373
278 442
228 859
211 623
820 647
632 660
634 207
449 118
15 54
23 67
549 705
714 246
71 770
863 513
494 220
666 373
498 278
617 175
230 284
379 633
364 696
401 21
24 557
277 129
447 533
214 405
586 159
36 188
38 711
242 866
723 90
802 599
30 572
841 43
828 295
167 509
134 526
675 428
199 635
419 362
328 474
80 769
10 760
744 851
525 7
233 497
821 6
252 602
435 170
759 133
156 171
212 499
399 476
442 254
227 254
536 886
748 41
588 642
3 12
60 574
132 83
657 511
74 821
131 329
733 674
170 224
620 309
622 799
733 445
879 322
39 525
722 251
882 45
46 402
118 14
488 712
472 428
608 841
76 444
559 155
781 738
301 525
105 148
857 831
225 567
511 218
388 492
213 588
324 116
769 372
573 615
619 60
637 276
379 524
71 750
397 507
733 438
698 136
536 291
830 787
392 176
198 233
680 496
537 785
440 156
519 123
260 399
162 204
21 204
494 578
278 725
409 874
560 721
873 731
65 334
733 692
385 580
410 139
671 23
16 14
715 121
171 369
540 465
383 658
505 69
361 131
144 482
199 825
301 180
798 754
806 169
573 93
333 430
371 711
135 614
853 317
267 125
324 567
485 359
291 828
678 440
294 347
315 162
30 826
401 860
166 767
850 356
300 402
802 515
642 817
469 491
71 363
20 430
336 19
595 72
117 473
744 621
320 575
781 216
248 204
55 521
576 753
646 441
26 139
260 248
67 829
620 87
452 737
714 28
619 704
95 480
818 46
68 401
469 702
756 403
830 772
448 2
413 639
346 251
695 767
520 523
467 600
252 686
374 674
376 701
786 610
128 686
237 335
55 456
701 320
702 342
99 767
444 276
800 485
145 78
611 419
223 326
713 351
180 865
338 269
97 806
878 180
246 193
768 8
569 221
55 80
420 38
776 875
429 741
876 223
236 702
534 422
518 625
118 245
847 365
194 615
267 298
591 288
131 843
460 179
281 122
9 93
858 836
489 306
271 197
350 838
689 166
124 541
878 344
207 167
736 714
370 268
757 25
444 855
763 153
674 682
70 308
575 35
465 795
801 226
801 533
253 775
876 833
166 28
443 812
441 672
228 144
706 855
28 733
14 725
94 761
739 740
247 880
654 497
62 319
672 516
692 146
676 244
646 809
29 809
414 694
625 354
592 731
57 859
612 662
259 70
417 501
786 333
661 277
224 558
619 662
357 334
233 125
713 171
307 12
164 88
798 25
364 749
93 95
681 790
884 299
577 658
707 735
838 734
485 635
676 66
15 174
290 462
666 818
3 847
709 880
653 366
551 441
48 174
279 373
452 715
533 153
792 647
280 486
269 241
55 769
561 302
255 525
713 123
864 505
167 582
169 867
868 878
523 576
138 344
795 569
253 600
626 808
522 701
130 572
69 206
797 423
545 310
840 193
96 742
151 149
17 861
104 145
565 487
490 579
787 478
571 285
427 415
322 235
469 104
719 50
136 123
135 221
859 695
474 731
790 749
21 329
294 609
794 278
302 774
35 275
264 366
191 230
363 645
199 283
255 462
738 445
348 476
651 564
118 37
99 588
53 370
329 217
4 605
867 345
443 244
797 264
249 479
153 630
654 658
611 370
182 558
607 283
610 45
353 60
157 116
767 65
750 395
275 543
751 360
307 206
737 604
41 69
3 794
542 662
62 429
391 212
838 434
14 223
435 381
117 59
423 601
562 304
673 787
12 683
199 637
845 53
6 755
740 362
44 143
19 561
492 578
360 129
733 789
309 200
523 398
579 573
157 242
394 630
533 627
612 102
668 843
740 584
836 401
733 759
807 863
295 124
298 800
460 791
174 406
199 480
476 285
621 467
207 544
243 795
323 626
566 328
361 663
577 735
667 640
248 542
546 646
319 808
821 182
55 866
562 156
528 591
752 408
276 183
595 28
68 522
764 279
529 43
126 808
125 800
797 53
635 34
357 567
191 576
747 115
802 817
716 340
881 166
673 652
577 795
334 522
687 287
266 18
532 326
738 453
41 627
145 505
299 880
856 393
188 412
9 804
739 818
873 221
94 354
277 637
370 49
631 756
187 352
334 170
192 218
690 121
231 742
87 680
419 85
59 170
512 349
730 396
399 684
606 844
130 179
611 598
633 242
197 302
806 155
555 302
210 762
412 498
143 151
75 8
849 768
560 765
79 490
579 53
177 131
786 82
515 103
8 420
77 768
661 663
356 329
174 208
573 449
264 14
397 697
164 337
865 420
535 233
833 383
585 120
860 275
716 40
241 818
314 78
776 290
261 144
231 248
620 550
324 123
270 435
263 370
88 127
784 770
528 338
641 472
735 423
627 294
241 167
577 112
267 407
837 783
648 389
650 604
170 585
376 584
747 715
452 485
408 729
9 779
377 782
858 650
784 281
328 101
827 413
520 409
60 421
46 730
45 312
657 800
644 58
609 776
677 95
245 235
72 505
330 484
279 118
30 523
306 637
348 192
277 51
836 736
690 727
665 51
816 726
121 571
450 76
52 741
38 847
868 10
635 436
50 450
624 542
19 142
354 259
82 124
322 444
69 764
216 288
344 277
336 609
457 429
556 569
158 285
327 197
718 128
318 71
333 109
583 483
538 294
436 729
758 845
221 755
331 287
5 7
687 449
233 336
469 389
825 389
589 318
735 291
45 460
853 367
838 552
146 110
829 299
189 513
746 506
344 395
671 634
860 57
256 284
402 279
685 503
761 574
777 289
322 21
784 413
842 210
201 42
868 229
247 501
759 347
541 441
286 792
555 491
97 506
152 635
122 809
379 263
134 882
774 789
91 638
662 838
690 183
211 735
47 278
136 656
490 401
809 840
663 535
207 92
227 511
814 673
467 793
486 536
341 816
107 408
714 384
550 81
73 595
220 883
426 389
65 707
339 774
142 540
489 232
343 200
787 59
366 614
459 471
601 456
88 181
624 658
181 757
471 356
109 545
774 456
151 785
99 64
555 261
301 794
79 710
140 664
473 320
627 355
594 95
25 309
575 853
389 541
763 733
379 567
455 859
193 872
531 397
308 421
113 575
757 408
649 39
561 389
217 690
126 105
473 582
20 862
311 354
595 226
795 433
818 553
34 827
92 774
715 781
754 407
94 204
128 703
411 655
587 566
515 191
476 65
708 574
855 498
587 647
110 650
609 748
313 466
206 153
614 298
355 692
528 823
514 886
765 299
383 500
188 531
541 379
199 550
461 204
149 168
32 351
838 775
535 839
262 8
501 164
330 120
332 703
521 30
843 671
427 88
780 330
139 594
265 787
186 164
715 208
309 665
458 331
870 10
653 37
619 278
216 185
733 343
41 124
666 400
464 370
429 109
397 610
378 257
803 670
761 793
425 828
107 351
724 797
6 795
818 579
854 728
506 503
217 645
380 87
364 556
715 284
244 55
115 632
6 834
423 560
480 222
822 639
42 638
4 201
341 393
62 451
796 618
657 308
308 10
794 560
245 743
854 608
91 779
654 747
638 411
388 772
825 862
291 451
847 852
496 771
618 146
123 394
486 162
472 589
346 615
419 359
42 291
850 65
272 170
778 511
867 113
488 770
860 234
76 198
81 149
390 55
660 187
86 614
460 244
373 565
781 185
485 204
396 153
786 273
220 34
439 277
575 450
669 302
281 533
375 710
310 737
765 560
252 56
53 57
497 135
79 628
739 100
294 140
812 713
228 843
524 264
563 799
55 797
291 96
57 357
662 81
312 528
131 52
495 447
250 796
389 366
581 730
210 200
57 470
510 664
611 229
373 687
671 489
620 109
105 885
658 846
626 836
30 210
570 886
225 454
605 859
435 181
236 834
19 434
280 679
5 651
154 128
284 849
211 516
860 639
717 677
531 335
240 501
611 592
707 228
135 375
726 245
394 712
358 61
184 156
596 737
741 13
134 181
174 571
106 443
666 332
498 257
812 296
500 855
512 20
587 616
50 82
681 182
667 810
705 403
819 842
877 298
25 840
384 506
86 63
820 65
786 740
569 199
278 722
367 690
749 641
202 452
317 74
836 539
643 787
384 41
807 683
886 575
547 730
351 714
398 400
355 376
520 478
129 795
259 370
656 832
374 295
836 502
485 699
768 521
645 574
619 702
85 571
726 571
732 105
384 742
886 317
12 305
287 626
259 470
614 838
776 513
599 872
803 383
696 291
260 127
568 130
708 637
809 149
829 852
332 345
410 104
871 798
837 410
213 613
87 705
769 349
150 126
64 507
347 681
558 158
260 471
870 792
835 349
692 498
330 485
172 845
482 680
216 741
333 670
74 85
242 636
403 845
98 335
426 192
742 433
836 737
714 584
850 14
411 685
475 546
242 235
615 521
734 425
58 259
225 856
423 68
747 856
570 78
747 373
406 449
754 108
385 66
351 520
65 76
176 73
251 377
749 26
470 16
849 310
523 376
172 618
410 678
361 838
91 858
789 431
408 454
599 162
701 308
306 413
329 766
571 363
862 101
610 130
132 578
791 358
251 290
545 296
17 474
241 686
693 636
338 662
859 418
512 665
127 272
118 392
819 705
755 50
573 434
484 26
374 282
430 24
767 699
789 837
719 516
703 350
492 872
230 325
269 364
628 451
312 753
776 597
470 413
606 318
237 126
75 761
294 656
796 242
154 693
672 448
640 313
182 282
664 250
404 768
65 627
869 730
429 701
856 12
285 78
175 659
848 656
499 51
248 647
27 853
322 875
234 204
734 790
608 81
777 50
129 531
439 834
649 324
443 5
464 398
285 293
820 795
681 833
164 839
132 680
154 700
461 699
698 49
222 754
761 297
64 55
229 885
674 38
747 676
287 359
328 758
222 503
789 603
667 560
651 151
655 489
845 853
387 239
460 527
680 720
501 666
135 399
708 467
752 744
78 239
474 559
595 125
378 866
594 191
21 881
885 460
797 421
46 253
502 451
801 469
712 323
806 445
387 683
588 778
330 605
293 343
131 686
53 5
536 809
245 276
102 135
430 453
768 601
16 222
639 677
751 640
416 722
776 680
483 499
245 547
623 15
92 723
398 534
188 555
122 374
485 434
513 164
843 119
188 877
334 244
338 629
726 800
177 655
710 627
14 412
664 754
720 68
562 795
253 802
827 584
258 270
67 762
28 50
780 143
515 544
808 139
602 439
394 506
565 326
17 432
290 868
700 723
165 643
873 195
315 852
506 285
92 456
536 814
521 747
187 36
286 312
565 629
770 509
746 534
605 65
80 297
761 197
504 271
430 70
394 687
289 40
588 542
511 866
723 487
704 35
38 88
447 348
514 755
860 235
291 288
165 45
211 450
857 628
755 427
168 836
388 541
299 772
321 153
730 698
91 76
146 36
383 26
628 416
25 622
443 527
212 741
502 444
697 801
628 538
149 687
369 774
80 447
299 392
549 676
776 760
558 180
786 315
851 481
416 419
836 11
158 582
765 785
169 803
629 225
722 731
319 699
323 658
161 134
553 460
442 563
691 188
620 110
548 613
273 407
475 236
719 54
59 294
499 687
831 22
427 769
603 95
788 187
883 136
97 88
649 411
498 803
355 333
468 481
255 593
808 329
592 534
856 678
524 407
376 565
821 814
606 730
683 382
319 363
719 596
557 804
444 128
706 555
66 650
748 434
549 47
255 695
308 883
465 516
92 725
175 824
720 136
86 61
732 442
551 29
738 474
815 472
711 35
291 510
517 595
593 696
729 323
414 504
556 334
795 821
832 569
448 408
692 736
423 140
878 97
1 499
64 598
707 411
728 255
527 795
876 404
58 286
292 754
740 465
615 626
322 643
756 352
574 493
598 66
656 479
141 206
239 735
336 667
184 575
602 304
753 369
453 552
102 472
40 398
793 848
703 71
762 513
279 433
374 625
51 817
35 181
379 744
205 8
775 817
406 395
851 618
447 640
472 649
185 625
516 723
36 598
847 485
631 7
758 693
766 826
862 233
559 203
744 603
580 204
817 310
153 433
405 20
244 108
47 857
162 299
734 54
2 279
662 228
792 67
314 395
206 32
830 613
690 725
604 435
287 865
736 566
588 559
739 769
663 522
851 282
156 361
727 439
824 826
270 684
674 454
497 45
854 483
160 534
840 451
187 108
282 546
745 29
673 499
158 831
215 442
569 303
88 653
95 42
740 349
124 199
835 44
47 258
858 666
146 315
127 623
131 107
104 764
502 171
487 456
347 503
793 158
187 462
297 596
559 276
744 566
188 304
15 737
128 11
728 504
772 313
149 363
529 868
579 817
841 429
587 362
824 685
533 469
238 69
203 101
670 86
229 782
802 781
220 450
255 770
644 735
12 97
818 505
499 751
213 761
492 201
609 785
296 191
331 861
226 759
800 255
140 368
141 468
375 682
385 405
757 404
649 59
698 348
347 746
496 693
314 420
686 692
249 424
714 610
70 147
54 121
362 790
728 314
360 372
820 797
507 593
147 438
577 43
651 525
368 49
285 476
412 366
824 71
842 743
296 501
632 740
728 88
451 182
844 598
811 336
265 266
668 255
856 188
749 4
786 14
866 288
556 863
740 140
813 253
675 794
712 421
272 236
772 220
520 13
613 336
318 867
282 317
17 245
698 24
29 283
450 135
140 770
640 123
125 775
767 680
593 843
833 590
616 756
48 827
304 64
513 796
148 132
854 474
838 872
598 248
713 290
624 318
516 398
354 768
176 783
456 382
306 117
218 665
207 188
518 297
166 829
101 816
799 563
117 738
785 564
823 425
881 738
202 437
439 416
684 139
871 413
543 799
105 492
420 774
425 611
857 506
840 414
86 457
126 191
181 325
74 385
455 843
683 537
577 62
230 73
69 831
401 682
848 349
186 284
818 582
345 645
608 317
293 637
294 612
760 744
652 705
852 86
813 865
85 54
295 357
232 838
431 805
397 608
785 847
418 144
311 16
720 799
277 160
796 362
725 700
798 215
502 304
559 687
787 89
221 344
149 1
352 681
306 679
277 60
