1000 9889
252 36
846 882
522 108
6 405
834 778
872 489
356 218
893 301
324 632
669 124
82 950
673 121
836 282
899 747
104 273
86 129
398 61
367 853
333 984
873 739
123 396
820 30
309 134
685 720
833 157
389 19
342 504
392 265
680 760
532 633
237 269
455 346
169 117
26 406
8 181
400 937
614 517
537 536
743 404
601 395
782 880
338 256
930 959
546 829
847 650
634 69
32 521
839 790
990 134
336 875
98 262
615 815
317 1000
999 204
213 567
273 386
594 998
261 821
387 646
500 5
637 580
235 304
239 408
810 842
851 26
430 923
169 994
399 712
816 534
901 886
349 345
697 72
104 516
253 189
456 129
522 460
85 868
730 619
324 408
608 3
78 171
172 212
423 311
484 198
234 429
73 617
809 617
641 984
133 719
560 117
279 961
985 968
142 567
215 967
586 681
366 81
973 23
215 187
595 605
82 632
230 422
177 916
696 644
513 978
312 141
341 782
180 396
517 779
555 200
152 741
318 54
781 646
393 306
947 674
34 729
927 419
365 9
904 303
613 803
134 612
172 687
47 845
378 372
198 427
834 163
30 932
804 991
436 507
244 652
995 76
654 121
527 245
251 460
236 24
438 740
728 192
765 827
235 976
677 137
256 911
350 419
142 962
892 674
771 477
114 862
80 850
154 505
304 550
179 934
383 398
865 155
419 322
910 408
481 146
483 880
192 299
466 454
913 781
491 793
233 354
808 952
823 183
700 162
266 832
783 241
509 70
625 869
775 833
614 235
707 535
987 295
806 985
254 234
770 323
983 834
511 776
387 785
335 623
489 443
662 460
522 371
371 955
101 238
357 116
767 569
570 103
959 363
747 709
309 98
493 261
403 229
691 334
302 981
216 964
299 492
608 508
32 312
360 213
747 995
345 167
521 642
773 245
332 107
18 314
264 923
781 682
106 393
929 927
604 543
971 260
366 318
207 766
208 808
906 441
963 680
537 226
624 608
896 245
973 639
665 822
527 88
606 419
795 784
298 472
9 651
677 220
970 342
364 73
118 120
130 288
689 692
890 112
191 885
984 501
13 85
234 388
201 973
643 226
516 380
930 873
667 248
404 497
586 504
143 871
40 476
560 659
429 54
582 4
378 558
861 211
442 195
872 788
11 858
799 269
159 98
396 272
495 826
997 644
245 687
677 912
908 443
175 660
918 868
723 396
837 380
253 101
550 851
323 907
106 281
272 699
517 655
367 82
377 49
204 269
993 624
133 775
284 661
980 874
142 751
788 37
688 337
467 946
157 50
671 482
670 832
919 866
901 403
759 355
595 642
100 44
265 113
233 581
234 790
570 972
826 434
446 387
798 692
626 103
511 763
517 212
80 335
393 358
469 211
513 597
402 236
422 235
540 906
243 826
709 781
714 917
667 265
175 22
783 343
930 809
74 391
311 598
458 38
791 872
209 920
990 24
258 241
39 852
540 223
580 796
410 52
84 67
231 56
838 476
163 340
473 588
644 813
721 147
957 290
391 316
303 656
808 9
224 309
524 986
463 478
339 228
738 290
956 365
560 526
742 282
616 922
207 871
656 113
362 94
469 986
723 246
900 868
603 529
141 584
346 490
219 872
537 387
258 676
166 744
102 999
345 690
1 78
370 295
43 471
724 194
547 967
148 122
871 518
582 703
381 278
256 171
20 60
4 601
920 66
426 247
835 139
329 960
494 222
924 905
854 334
431 747
441 835
319 806
303 429
655 184
310 669
826 598
425 343
509 135
549 534
243 873
209 585
85 86
565 220
108 345
311 660
919 469
493 674
558 766
351 772
578 200
191 687
838 286
481 651
308 585
156 104
193 287
265 954
585 525
398 638
3 10
866 62
922 892
500 352
743 484
525 177
781 7
791 619
239 709
849 416
810 553
540 338
88 273
197 81
823 317
550 735
948 794
227 966
572 978
945 224
400 553
438 103
719 18
666 138
206 195
874 41
549 693
505 970
219 884
534 397
572 816
849 477
120 239
33 648
769 797
912 549
93 708
578 932
851 488
210 288
548 392
791 728
627 145
665 364
719 673
464 155
67 70
285 354
328 698
864 988
243 265
890 852
627 932
285 52
339 649
481 809
479 866
606 356
247 784
47 622
857 438
30 376
345 330
623 155
327 302
627 348
855 799
165 98
134 458
673 4
583 761
360 777
274 201
876 826
259 679
873 589
711 341
324 883
74 618
660 757
152 931
725 457
946 550
378 228
714 602
805 353
473 200
471 877
648 164
334 779
579 908
123 280
454 47
313 736
944 858
192 927
669 643
84 165
113 495
470 785
257 725
455 718
71 376
190 521
619 873
395 611
503 706
269 902
420 54
295 906
960 3
619 774
13 385
344 1000
933 368
757 156
371 465
724 75
103 62
729 507
378 523
81 22
793 854
408 500
193 694
267 395
123 821
183 23
206 172
379 712
766 420
343 365
771 920
782 834
280 861
563 538
547 161
548 206
608 945
977 268
577 842
893 912
534 280
665 479
561 222
279 887
16 740
971 584
789 823
993 708
189 523
778 56
337 792
483 279
697 200
203 947
467 774
930 350
510 924
497 35
282 689
545 125
359 957
844 15
845 290
518 328
152 625
630 86
484 654
832 25
739 176
332 330
66 826
236 238
346 602
848 1000
8 255
892 481
605 760
97 961
162 799
783 483
821 604
182 730
454 95
714 85
207 317
550 261
553 103
420 42
519 846
496 688
136 609
834 843
156 636
767 442
733 374
539 744
37 303
793 641
361 647
471 651
112 511
10 524
818 167
159 109
344 738
127 825
704 258
888 479
399 871
227 879
874 222
953 549
789 151
960 210
685 38
542 945
998 55
818 393
604 410
399 432
805 669
384 151
467 728
758 663
10 241
673 535
819 785
58 229
556 164
224 709
355 573
674 443
811 894
404 440
910 582
233 810
877 753
931 425
881 758
633 204
760 725
543 732
964 423
638 730
273 540
997 441
590 281
913 647
756 513
925 12
982 199
553 997
664 266
5 126
771 865
870 162
344 343
137 192
256 524
296 489
981 975
833 262
269 266
473 151
44 293
75 409
195 958
622 891
952 867
221 674
791 762
579 580
892 517
74 443
868 170
518 993
300 710
959 689
653 838
13 231
680 828
205 976
705 264
482 899
925 771
22 702
899 504
169 154
410 465
412 873
141 357
14 973
183 46
471 929
420 955
251 351
634 368
743 54
457 801
793 959
871 769
210 27
263 39
999 332
36 355
831 544
44 150
337 164
998 211
121 637
896 303
936 544
753 815
115 91
797 737
814 705
484 300
394 52
290 101
759 947
907 510
555 448
115 377
568 100
595 579
911 271
88 566
983 797
868 1000
794 983
119 310
301 709
394 505
109 508
825 59
110 47
618 514
468 621
985 317
643 835
511 521
717 846
562 785
764 431
947 761
325 693
363 526
846 15
114 372
367 666
740 384
498 535
306 570
47 792
673 345
964 712
731 719
400 419
109 175
790 752
333 935
999 522
530 213
71 247
972 322
187 538
706 306
100 517
601 24
697 544
919 186
723 557
904 881
302 168
678 263
240 85
255 217
421 695
603 801
359 111
445 314
59 147
351 731
390 729
999 95
505 751
857 578
239 410
903 277
706 873
587 871
766 393
110 685
419 136
741 629
127 582
885 438
464 109
263 152
121 537
379 525
154 729
297 966
724 603
138 66
926 507
488 131
840 120
493 398
664 134
206 781
263 446
587 977
621 914
747 731
342 349
968 796
309 12
789 786
21 652
974 278
28 501
262 882
86 854
158 291
967 571
289 48
881 702
826 265
428 541
638 530
719 414
497 6
808 999
777 212
171 197
196 262
801 206
837 792
640 332
713 778
990 522
539 638
920 748
834 14
337 622
856 746
344 318
311 842
627 637
544 391
598 78
450 694
514 803
2 181
596 603
208 620
118 227
155 407
249 368
62 652
511 912
514 571
299 980
434 117
326 47
916 813
957 391
944 810
429 814
644 705
231 358
896 909
62 849
566 933
308 989
311 270
349 247
605 294
473 651
662 791
3 246
905 790
358 254
140 5
793 853
272 292
384 366
681 648
468 437
11 897
326 634
37 765
261 713
727 458
290 203
548 616
422 980
632 56
84 976
340 785
676 875
542 448
862 890
104 768
548 429
910 292
849 218
632 278
177 549
971 587
897 364
717 419
630 972
629 761
399 703
176 411
930 236
18 498
384 712
251 942
518 345
534 837
852 668
501 554
337 569
653 313
394 512
839 374
695 754
679 201
111 507
946 632
344 282
829 301
276 659
192 734
696 222
791 721
919 284
297 117
62 206
464 994
574 959
867 164
544 129
583 32
52 664
700 284
115 740
173 894
317 844
536 904
84 41
819 438
439 345
709 363
156 637
763 988
748 391
126 311
988 438
770 225
37 302
499 80
115 514
866 854
758 808
463 452
360 815
50 171
89 951
168 290
888 369
956 416
547 382
175 545
14 865
306 167
974 867
667 905
687 846
116 190
449 773
234 193
842 512
522 386
7 78
233 15
971 777
717 357
609 356
573 769
872 722
388 706
46 899
881 938
256 193
781 921
533 484
440 397
190 217
281 675
467 948
854 288
447 202
845 483
276 994
61 596
902 874
468 586
218 177
316 518
878 388
43 855
393 356
503 321
400 440
592 172
187 896
929 667
255 369
973 754
813 861
868 408
796 173
636 515
473 545
257 540
773 572
117 402
266 706
502 340
536 752
264 462
623 884
457 117
459 547
164 399
66 707
219 735
400 915
995 821
239 528
885 14
978 352
45 951
249 868
13 345
34 82
438 238
370 752
232 721
266 507
567 839
969 204
608 796
295 304
205 642
178 73
544 886
68 142
486 181
823 110
71 773
440 621
112 762
99 784
709 746
232 399
249 567
487 597
237 642
267 933
405 802
267 769
204 291
191 24
506 980
488 55
752 932
806 705
608 344
95 538
404 349
754 316
301 691
623 16
425 443
817 605
450 30
566 368
843 733
533 361
257 948
927 627
561 592
674 785
61 745
708 528
947 760
198 578
751 658
193 66
484 583
487 125
92 880
787 208
40 971
445 108
448 432
953 55
751 624
847 625
95 252
98 176
501 181
729 82
737 623
645 436
577 6
698 681
992 539
209 758
494 608
936 254
889 389
118 977
265 777
918 486
421 694
595 343
338 276
728 948
417 739
434 771
642 508
754 888
763 650
379 945
235 309
272 313
154 821
432 447
452 50
448 649
726 154
997 811
485 7
400 811
748 710
716 901
272 630
116 869
963 228
780 918
270 636
287 678
627 147
789 928
421 971
142 570
241 333
530 490
703 895
376 680
488 418
531 710
15 345
63 109
798 976
801 92
587 623
273 731
555 205
388 188
688 490
484 773
13 537
655 158
253 812
950 558
687 553
744 913
178 555
490 873
17 367
532 314
570 629
496 202
401 89
184 279
386 687
518 652
758 257
317 69
461 799
469 378
308 696
516 101
511 915
592 259
459 828
724 256
675 988
69 437
404 831
666 150
32 953
396 186
658 805
127 80
165 883
684 805
469 717
491 141
329 122
644 743
131 972
560 746
830 718
245 438
975 367
93 98
847 393
483 922
62 807
28 755
757 631
589 706
537 351
865 122
560 968
120 47
415 162
965 912
440 950
978 74
871 789
819 902
606 578
55 456
647 132
122 190
715 866
510 454
974 81
869 133
375 988
239 160
86 657
712 64
307 676
823 884
203 599
740 898
724 751
876 994
717 418
228 113
545 273
108 991
290 652
418 441
539 831
668 601
797 123
433 936
716 365
438 751
603 709
574 791
622 3
968 614
787 42
365 234
94 440
262 520
66 137
870 409
200 863
539 458
565 274
164 413
296 301
593 553
995 109
549 782
492 578
183 512
94 101
777 537
230 613
21 489
771 738
209 962
970 55
184 640
276 351
408 564
151 452
926 858
174 31
411 443
438 308
732 541
182 506
274 913
761 123
597 741
692 719
794 27
707 726
384 934
604 374
72 863
976 757
704 260
102 111
361 423
234 191
236 993
611 759
225 400
779 419
211 741
68 58
715 789
665 318
955 226
974 2
958 647
231 136
536 283
457 758
669 350
851 418
708 121
308 848
551 925
219 92
388 967
461 183
914 416
525 794
198 810
313 128
737 771
775 362
542 115
356 34
637 175
33 1
60 958
694 843
919 895
575 201
760 582
800 749
319 783
922 951
111 425
460 215
34 540
790 891
523 576
907 993
947 780
759 731
187 899
863 615
351 156
83 594
100 924
1000 642
624 798
878 743
200 970
75 214
994 480
499 770
481 275
960 782
356 928
677 253
182 821
991 477
903 879
669 585
240 692
305 734
452 539
616 714
677 78
22 797
302 253
69 286
571 564
771 22
314 727
847 291
932 227
205 607
961 597
945 360
162 278
12 144
305 154
275 958
707 579
465 348
660 459
186 94
295 400
315 318
851 352
45 233
907 18
524 1000
236 852
103 516
513 40
927 509
272 666
935 337
257 362
441 245
172 131
279 953
102 708
413 103
487 826
168 261
719 639
225 783
756 752
498 160
25 528
47 599
673 140
512 14
878 71
256 460
197 661
830 298
998 748
307 811
459 53
441 546
634 286
668 167
635 188
285 913
948 215
645 145
149 995
773 893
887 371
265 558
196 838
655 377
476 502
701 11
633 685
540 143
50 447
782 884
161 894
259 153
357 678
47 350
406 569
974 527
105 645
886 299
374 767
395 806
692 528
169 157
575 183
247 145
233 394
639 54
867 860
957 549
887 804
937 346
548 70
557 615
550 956
867 776
564 988
653 445
860 71
295 436
759 883
29 712
64 628
901 532
465 90
319 131
543 782
639 613
565 712
881 547
518 182
646 123
918 764
613 252
984 192
625 949
402 879
830 375
902 160
280 431
464 444
782 506
289 884
986 81
237 169
82 918
683 160
226 845
578 406
692 402
346 722
42 203
298 337
776 204
568 15
17 511
971 122
369 812
832 388
469 377
409 659
863 73
575 709
247 948
527 870
668 146
805 64
630 255
460 675
451 780
473 536
58 950
847 362
95 497
648 481
399 997
458 788
168 185
576 214
443 993
406 215
679 618
31 814
838 170
128 583
560 634
727 742
233 358
876 392
770 61
845 599
439 138
857 813
463 256
176 962
773 422
456 82
936 988
258 760
296 571
404 447
643 166
438 497
426 537
558 294
284 961
211 697
608 35
116 890
417 187
296 951
664 228
538 709
393 946
307 724
402 704
39 181
646 103
906 240
502 625
157 124
930 234
901 443
460 93
777 869
171 146
462 951
621 662
852 29
678 679
682 810
720 105
26 790
264 927
372 928
553 543
838 552
256 722
961 403
672 234
428 944
30 900
930 686
74 284
899 965
739 2
614 914
504 593
195 852
368 128
459 731
101 950
338 552
744 571
940 584
213 325
35 536
199 789
2 371
477 915
508 685
913 963
383 473
792 960
395 785
736 473
643 119
348 791
274 910
847 511
631 596
710 77
438 768
719 177
315 55
905 897
908 32
214 827
624 413
254 40
400 855
809 553
771 872
314 901
757 415
885 330
432 120
824 842
163 248
20 855
996 584
747 502
361 55
931 255
399 445
455 254
462 471
390 696
750 554
822 119
905 868
718 4
226 971
727 206
52 454
362 570
77 21
925 231
20 139
707 51
177 976
823 633
395 233
509 672
835 151
195 756
927 719
34 682
551 83
555 20
316 512
834 965
891 156
621 267
549 638
610 636
276 706
61 820
670 502
490 942
553 644
56 428
57 981
4 52
740 382
222 752
725 398
835 578
527 184
415 626
368 93
991 79
575 652
743 542
635 497
532 721
827 707
661 947
39 963
244 631
210 579
209 924
728 188
748 199
685 227
883 856
780 330
853 268
549 3
224 346
791 74
648 300
408 529
192 248
583 292
306 336
35 274
314 839
730 354
154 172
241 906
79 234
7 377
706 768
637 556
234 1
202 739
519 738
850 183
387 591
29 626
744 247
508 471
20 875
441 282
814 853
708 440
181 472
115 92
278 534
985 838
659 517
487 932
492 850
642 973
239 71
208 281
980 795
285 358
324 327
107 849
509 733
609 263
891 493
85 542
512 400
640 69
109 360
326 424
778 511
427 231
564 428
240 41
503 1
200 698
393 309
251 217
86 601
274 112
256 747
95 984
61 856
668 160
248 833
84 431
35 869
500 160
731 910
808 353
909 359
145 118
486 440
433 435
956 809
700 343
94 34
249 240
117 451
944 769
463 235
725 132
545 614
69 352
804 277
587 239
793 604
900 256
260 615
788 865
201 905
491 816
364 450
277 341
975 98
987 560
813 404
887 807
339 373
423 68
219 987
993 240
520 736
172 435
817 34
174 417
747 289
336 684
319 317
768 857
517 690
185 825
992 423
686 431
135 479
978 768
883 63
133 714
564 610
110 136
950 403
351 557
798 71
46 808
314 559
147 211
788 833
99 714
831 5
342 50
824 301
255 58
809 575
209 399
555 352
881 413
42 57
341 107
95 60
705 792
173 866
265 367
576 619
96 544
482 2
620 284
469 376
152 370
680 729
5 816
478 238
120 518
636 982
917 901
311 410
847 488
979 436
71 506
373 254
283 746
231 240
732 571
514 354
398 713
679 840
225 63
409 176
231 65
782 627
898 116
340 366
439 20
979 3
463 402
927 483
34 398
13 815
40 259
188 378
478 693
818 251
347 698
345 972
54 996
93 770
404 211
79 339
651 370
319 448
619 326
966 553
729 688
651 195
673 527
466 775
31 365
659 716
197 629
492 779
443 111
807 508
935 651
348 487
372 63
9 391
121 683
659 573
368 904
609 718
152 441
150 644
465 214
11 334
927 948
272 882
177 939
816 718
913 184
765 293
588 290
220 894
63 272
191 303
69 851
251 16
414 586
971 315
847 868
968 653
778 745
502 899
303 214
859 462
787 157
455 507
916 639
735 265
160 150
227 104
155 455
156 948
855 634
866 488
271 485
221 602
721 427
598 216
655 259
587 73
880 477
678 96
666 616
62 389
726 892
439 201
847 728
776 375
740 520
155 146
965 877
123 518
452 688
539 8
256 723
840 537
966 73
642 307
681 344
700 236
610 997
405 440
997 574
796 703
289 599
452 72
475 268
847 28
885 329
889 782
108 799
508 460
144 333
491 550
577 953
139 66
106 499
423 266
583 986
920 252
974 435
184 309
320 920
507 362
346 164
128 31
989 590
441 72
377 842
873 205
581 644
987 85
290 319
389 57
121 929
935 98
495 60
356 179
833 901
927 718
531 881
920 696
839 928
950 532
75 490
974 124
173 793
854 112
571 906
18 6
535 559
458 321
575 318
388 404
30 889
902 693
946 381
678 133
144 975
18 808
517 258
463 790
835 867
729 228
892 624
785 74
127 133
999 849
781 30
255 401
1 532
649 628
926 948
395 828
732 995
714 82
698 703
719 231
116 328
154 173
905 851
836 577
777 881
953 362
642 390
790 118
685 356
154 330
638 348
472 762
509 152
846 265
149 999
11 970
528 176
729 721
181 438
960 500
499 15
483 690
343 390
474 339
786 375
777 736
225 547
651 11
102 875
513 46
896 210
533 35
850 873
501 939
16 444
379 323
821 280
751 219
474 117
551 155
720 389
974 318
208 169
265 182
157 96
380 111
271 1000
111 580
727 51
103 885
950 726
453 902
369 75
260 270
228 410
986 234
734 900
756 912
5 94
462 799
149 269
476 803
385 904
355 102
84 424
467 544
70 655
734 678
593 742
776 66
703 361
463 980
287 262
324 540
882 764
597 103
819 213
786 502
678 168
383 178
100 656
835 863
269 925
821 656
883 823
287 329
847 537
757 131
740 855
451 560
508 689
107 466
604 926
974 956
481 249
945 138
486 106
144 503
823 169
182 339
261 832
110 689
220 471
849 583
390 511
569 960
295 438
686 6
831 576
945 965
820 759
383 933
486 438
306 776
129 769
492 710
329 634
228 88
194 856
600 971
712 261
806 627
104 85
103 921
904 326
78 617
685 182
68 583
91 985
554 266
203 232
669 971
503 149
450 771
460 360
78 779
528 880
467 572
809 873
20 654
98 224
226 941
317 66
490 630
628 816
900 455
574 186
830 768
335 354
544 121
212 479
527 864
783 859
182 755
359 572
506 464
62 633
377 9
355 99
326 178
719 441
327 555
218 970
420 386
477 175
741 802
444 280
656 144
305 966
52 897
667 816
562 38
339 163
713 82
932 436
993 162
131 751
637 723
84 725
909 932
605 117
680 308
11 452
756 199
994 278
462 78
245 582
818 414
770 349
439 938
130 560
82 421
564 801
272 597
438 358
911 429
609 717
901 647
27 184
927 951
54 289
849 111
635 570
48 714
494 155
243 409
467 781
203 388
51 586
640 445
155 66
743 897
483 23
781 676
957 243
830 867
237 28
661 586
99 247
226 879
78 756
7 712
14 156
125 679
365 376
458 298
593 669
756 895
117 759
597 317
971 24
700 570
238 617
795 790
555 587
585 750
69 517
531 272
606 308
53 604
883 977
293 205
669 610
448 106
586 256
415 702
507 713
805 98
878 552
516 235
886 119
762 65
66 584
930 993
532 797
936 126
615 796
173 265
746 605
429 159
639 234
36 7
25 306
814 242
671 687
433 53
913 739
165 630
87 960
500 123
751 199
945 210
943 955
550 619
344 279
334 454
7 420
345 815
292 990
629 851
888 83
319 372
584 219
34 228
474 495
898 413
902 445
794 730
377 48
935 319
385 487
480 547
644 863
780 552
285 70
533 480
717 67
518 124
152 261
299 438
74 890
775 500
99 329
604 586
146 430
664 271
591 892
635 804
138 602
123 8
342 234
125 730
308 430
971 294
754 170
256 513
919 606
826 262
99 483
579 813
877 48
773 285
791 640
703 372
285 571
203 414
5 969
574 227
583 305
590 312
754 543
517 257
154 281
81 642
359 352
809 67
918 367
701 85
444 226
193 422
359 497
364 329
365 672
847 300
813 652
47 308
50 248
892 855
396 460
809 381
207 50
90 120
927 277
932 125
275 850
311 16
281 37
193 881
489 202
144 283
233 205
250 757
396 641
237 749
309 736
383 563
646 737
923 981
999 357
345 692
971 856
662 287
483 514
231 588
841 744
932 561
500 531
608 348
717 406
220 658
906 39
691 775
731 6
20 169
246 513
907 723
858 143
806 423
163 675
169 930
725 706
281 812
802 342
713 785
913 623
705 641
34 575
535 958
943 360
144 526
623 464
482 124
823 195
140 474
255 273
649 804
598 257
215 441
161 898
933 100
40 237
147 595
97 295
452 634
97 893
758 74
406 95
689 593
856 254
141 162
490 324
552 215
26 34
210 839
376 419
158 575
39 694
130 4
790 744
153 221
61 508
763 654
213 673
850 262
552 301
231 829
897 863
667 521
258 275
975 386
457 943
210 180
823 78
287 877
390 399
397 943
729 861
916 195
681 962
831 464
742 245
37 886
450 301
300 19
551 977
501 910
745 32
431 951
656 543
198 998
489 738
416 190
124 719
868 826
851 716
29 920
357 315
488 422
199 456
661 339
635 910
881 258
912 592
424 605
80 239
959 163
687 219
530 385
734 609
498 933
467 354
8 986
30 540
215 512
551 490
187 863
845 772
853 142
431 88
566 749
9 717
916 980
166 223
683 835
795 781
325 950
827 668
754 468
807 674
335 365
248 573
28 267
601 127
268 282
342 623
635 330
218 681
728 216
629 632
979 438
363 45
311 261
442 468
409 261
282 61
191 943
801 767
811 822
754 777
666 423
207 69
418 700
789 411
982 758
188 790
686 13
746 792
139 378
380 526
179 589
201 133
989 164
277 216
98 519
500 919
227 889
777 909
269 580
475 339
229 320
374 875
451 218
663 517
940 910
127 160
159 314
271 668
115 22
354 866
209 45
765 80
759 630
399 263
584 414
822 136
730 848
419 743
212 858
85 468
933 646
215 920
351 369
632 505
962 182
69 960
587 527
364 764
593 498
646 132
247 81
431 286
658 302
863 379
976 176
833 316
815 388
32 29
498 172
380 485
948 692
166 104
4 83
904 65
887 22
959 9
853 162
66 820
801 463
456 840
937 159
739 7
886 170
49 975
273 7
735 83
595 717
448 107
127 227
187 694
350 390
254 363
615 654
467 166
141 153
948 607
814 128
762 177
563 896
433 219
230 677
713 698
934 553
952 478
399 575
514 247
475 401
535 175
222 638
499 279
46 456
448 983
663 426
457 783
955 24
707 619
211 376
608 996
774 463
542 955
965 304
159 137
769 205
20 961
495 33
422 27
393 753
927 884
881 910
901 617
135 289
446 30
447 19
452 443
392 390
323 174
633 211
365 8
403 6
170 818
741 76
906 147
157 11
38 790
144 453
901 412
104 174
473 511
735 499
42 880
15 179
933 924
282 370
999 655
661 734
245 675
181 633
168 400
714 337
652 602
212 417
322 545
827 18
502 318
201 769
849 925
903 760
654 346
681 408
701 965
832 28
960 65
814 156
227 578
201 99
93 53
774 766
791 180
444 449
488 721
818 499
676 20
148 461
831 840
577 633
318 789
762 439
28 823
414 264
124 563
840 356
346 501
181 519
1 214
525 731
908 293
234 302
492 830
776 911
833 962
146 975
309 385
718 103
149 296
480 593
9 477
337 952
485 192
870 39
495 283
557 364
67 224
858 285
108 908
940 127
937 650
801 410
648 627
132 428
333 285
872 465
946 840
38 462
252 403
803 517
971 487
94 602
60 734
760 614
962 254
982 229
711 473
472 878
643 841
881 502
384 548
812 604
913 435
824 114
317 459
52 904
933 769
881 208
883 981
204 835
190 826
174 671
472 59
924 448
695 983
165 120
882 762
1 29
504 929
597 101
926 484
481 377
437 884
648 493
23 511
210 546
763 306
714 146
162 81
580 895
616 688
842 62
914 483
610 50
24 913
645 593
960 173
266 626
417 742
443 54
232 998
447 518
728 808
50 876
639 50
70 363
219 943
447 663
432 436
141 532
70 506
348 248
84 20
79 841
968 469
200 63
148 199
902 344
595 150
125 123
197 926
608 27
863 829
202 996
499 154
500 705
711 889
567 501
385 445
447 43
68 796
752 965
220 631
684 198
560 508
264 649
962 288
981 516
428 388
17 951
132 384
560 331
912 932
927 755
142 857
610 705
76 229
829 545
902 823
192 554
962 194
233 518
273 879
989 967
830 85
778 752
545 219
378 380
696 89
548 986
910 124
715 228
653 184
682 487
887 418
28 149
326 406
215 864
536 672
296 197
830 774
405 311
585 577
213 768
549 998
805 76
243 59
494 795
151 78
28 443
191 857
437 343
605 399
640 829
952 639
628 976
130 455
701 924
666 390
875 137
857 646
776 602
1 594
718 705
885 80
465 621
784 999
144 70
328 291
805 831
3 269
775 667
98 661
780 115
175 523
815 369
927 125
12 397
510 233
439 823
818 399
513 330
479 651
772 644
409 753
584 161
994 901
38 702
20 925
506 934
271 780
901 645
725 961
641 200
418 323
497 250
224 542
632 395
371 673
582 777
623 87
809 913
312 177
683 482
613 109
744 212
855 160
414 574
221 772
717 191
609 798
42 393
540 664
413 563
96 806
100 790
691 653
311 676
270 82
562 930
636 791
527 160
820 478
256 837
723 653
557 905
967 494
571 833
292 294
130 649
282 892
984 78
268 319
416 522
515 774
992 617
26 377
209 965
429 780
982 600
749 773
705 293
197 385
735 641
41 941
704 123
210 780
121 159
158 628
325 493
699 304
628 714
997 571
666 326
332 654
297 725
10 390
323 853
486 131
750 972
241 716
442 45
310 236
703 591
855 519
392 737
402 294
38 730
21 472
4 246
134 73
279 912
450 274
911 387
312 367
683 288
684 255
380 70
860 472
272 849
494 202
315 981
262 828
1000 203
325 578
255 827
608 400
82 971
526 520
113 313
125 615
678 711
554 305
458 618
683 95
242 261
425 355
570 582
846 680
711 282
236 186
899 916
916 542
271 765
778 539
303 100
86 348
751 602
493 694
900 10
4 199
101 903
687 962
339 688
835 727
88 112
434 164
145 31
697 538
292 346
123 694
933 101
970 197
634 54
391 423
438 966
663 27
25 355
658 664
889 92
600 233
266 479
676 134
453 11
291 224
810 716
10 600
514 563
366 663
611 568
763 853
250 640
914 817
306 188
629 132
140 90
279 609
709 252
300 606
867 864
270 763
71 912
573 718
975 718
244 324
872 677
840 67
376 270
756 479
885 765
9 476
618 472
603 420
531 579
569 756
312 267
883 794
6 499
485 336
802 114
397 942
55 578
668 623
579 92
941 605
51 535
17 603
470 95
105 289
536 137
80 5
213 311
821 168
57 795
534 775
118 508
7 765
212 625
449 65
549 542
489 832
53 335
437 544
5 492
959 879
194 311
838 628
790 651
956 40
667 380
596 590
616 260
744 857
819 169
468 953
606 355
346 541
19 433
633 711
624 910
515 817
532 753
489 584
809 44
739 431
120 605
304 676
545 634
363 67
71 274
761 212
83 448
818 949
340 465
737 835
538 276
97 236
23 220
741 884
840 596
412 981
490 100
254 21
115 881
371 283
922 137
248 78
600 483
103 240
982 220
111 741
516 737
665 169
171 592
935 530
417 289
796 315
7 140
361 156
841 650
327 627
661 127
179 622
78 291
138 220
71 708
241 327
186 704
479 965
301 657
289 201
988 589
578 753
264 793
503 112
488 311
604 925
878 100
773 152
834 918
981 869
801 199
910 291
366 299
48 926
13 612
489 828
329 599
709 828
835 625
804 960
201 621
735 232
289 501
647 806
302 493
584 798
658 125
379 710
917 784
130 674
517 310
580 958
598 291
875 362
51 92
477 616
397 120
311 406
539 179
245 158
743 435
445 364
230 706
14 707
770 419
736 579
398 546
169 378
762 155
121 17
106 967
732 567
418 587
805 173
588 563
884 746
131 818
558 879
871 476
984 256
628 759
130 230
439 16
757 21
335 163
675 286
269 753
272 283
607 631
791 364
597 557
709 35
34 509
396 756
36 339
76 864
404 223
82 17
874 117
250 811
73 722
382 292
721 750
258 645
742 4
979 722
711 975
840 12
215 156
966 956
346 349
43 279
480 683
67 413
108 823
695 263
593 555
150 664
635 590
963 87
376 603
894 701
72 372
494 47
612 374
216 671
214 190
967 532
979 728
199 430
590 261
96 729
151 715
246 591
564 352
433 930
712 435
32 229
21 903
9 71
137 154
910 319
217 996
147 977
386 619
665 908
691 652
540 104
809 825
147 830
477 603
994 359
575 262
856 380
658 462
244 745
886 168
653 713
423 489
378 115
766 912
454 196
758 406
101 945
505 815
344 174
834 465
16 432
805 240
827 920
59 498
645 519
510 568
504 163
875 116
791 921
455 968
413 680
766 750
639 100
896 654
921 237
280 739
369 40
659 929
320 122
112 582
847 24
903 346
802 939
140 774
568 825
719 978
791 481
119 742
304 7
785 712
538 768
885 631
997 877
266 79
159 280
987 139
950 61
242 894
261 456
376 520
884 618
440 293
137 331
66 291
198 812
678 334
276 890
703 957
872 503
817 554
767 496
802 478
507 76
258 873
798 68
542 388
601 584
271 993
782 439
327 494
887 214
228 369
502 880
624 566
161 296
329 670
467 935
434 835
955 898
800 961
160 96
35 844
731 763
236 187
661 732
666 950
424 309
43 733
209 757
356 620
575 651
155 84
910 164
787 923
667 433
66 568
784 755
27 786
364 309
274 717
374 378
857 844
399 939
170 925
279 301
122 370
383 329
867 564
712 627
340 668
657 310
698 554
451 517
993 126
957 539
999 384
31 114
325 337
382 386
862 648
774 542
496 769
449 452
619 373
489 88
16 856
823 103
405 186
499 19
892 962
603 665
107 566
271 673
382 380
384 75
405 811
232 261
201 241
551 558
42 522
850 869
133 956
546 170
910 955
713 427
919 763
778 105
672 625
546 29
15 322
734 878
631 111
420 744
170 249
924 898
84 739
912 954
74 925
894 784
740 170
427 363
270 167
221 843
872 241
496 165
406 534
65 144
674 522
481 704
338 715
662 49
982 308
287 994
273 60
644 69
386 885
504 488
565 453
378 155
442 588
408 852
740 637
529 412
72 705
550 490
313 941
867 370
226 342
120 717
486 780
680 943
667 576
705 492
409 223
541 670
943 798
268 38
325 19
257 787
810 673
903 508
373 263
67 612
512 791
527 179
68 211
19 989
867 673
63 918
893 673
140 895
537 501
225 353
727 574
107 645
864 24
58 67
167 743
295 434
336 673
746 84
124 704
738 656
776 126
12 615
286 66
366 957
87 18
15 305
238 426
313 81
560 510
926 157
713 720
971 564
332 234
761 1000
303 475
267 657
470 120
61 661
743 921
190 107
957 247
359 912
674 844
436 175
800 922
752 387
251 361
930 644
330 840
297 1
597 150
283 82
125 197
307 88
862 234
735 120
863 476
459 821
596 466
814 393
692 813
341 313
878 528
979 443
948 459
786 361
218 807
679 758
197 531
757 242
400 161
753 619
847 481
280 537
960 139
529 154
240 529
168 334
979 197
23 848
598 748
110 742
419 223
37 532
75 673
495 808
887 774
690 382
968 356
306 631
954 315
77 440
115 253
900 805
524 249
358 419
16 928
695 96
864 36
718 131
777 723
281 316
524 328
603 705
396 987
366 793
924 693
232 349
964 150
217 559
257 340
902 100
794 629
524 430
696 718
251 856
177 605
475 784
225 841
428 618
584 272
803 590
570 847
55 901
151 714
378 888
119 246
263 696
915 385
768 358
186 967
472 808
255 615
735 297
277 897
919 566
912 672
839 511
554 125
702 13
155 474
473 819
644 142
649 784
557 903
20 338
804 628
752 141
736 770
257 671
682 360
170 644
924 317
302 377
602 229
35 542
420 204
648 423
917 641
503 768
452 701
681 417
418 620
251 916
684 919
331 761
153 233
814 246
282 399
546 848
908 79
214 962
92 490
196 258
370 708
157 674
893 760
875 917
770 27
742 455
543 242
140 775
35 43
403 443
555 672
371 67
376 811
712 901
379 955
817 254
655 746
983 201
146 998
788 457
479 638
595 961
525 918
802 253
21 343
370 27
673 776
177 633
678 539
949 28
825 38
493 112
542 389
229 950
13 713
994 743
313 363
502 861
47 926
692 417
624 567
570 581
386 588
920 556
740 405
834 78
265 345
854 117
584 633
14 124
170 326
748 799
606 389
274 106
903 983
740 715
632 980
9 685
601 11
359 271
274 699
919 169
467 214
841 485
472 320
454 432
913 366
503 669
841 374
254 285
914 506
966 990
258 118
170 922
308 336
841 199
235 176
842 104
805 868
379 665
760 497
425 616
157 789
638 502
912 118
332 532
932 121
951 399
384 447
573 377
813 426
762 434
874 168
802 605
874 118
607 590
385 27
663 360
130 557
279 611
768 708
865 823
898 347
115 181
873 481
841 771
950 857
989 395
112 833
323 825
820 427
542 805
581 833
345 553
290 122
698 111
663 959
963 129
146 605
973 104
389 503
345 459
468 519
823 997
697 15
589 41
440 32
388 192
560 305
337 744
356 348
342 155
569 69
538 887
446 421
218 523
365 171
131 399
960 629
892 348
360 565
783 159
790 649
668 45
800 93
359 674
826 801
956 848
341 292
305 610
412 642
51 66
783 445
967 432
369 539
606 611
528 582
47 502
288 527
112 195
40 96
867 373
121 123
321 585
982 902
109 746
754 737
304 641
173 333
176 342
432 329
31 819
457 234
221 65
791 213
81 566
841 76
605 251
642 103
441 51
818 800
797 777
634 669
652 12
283 979
747 150
380 597
132 952
813 31
525 363
710 681
388 34
698 801
236 800
93 681
580 333
233 62
827 508
665 457
573 720
261 510
785 571
82 333
876 75
987 242
777 912
150 754
73 920
475 823
593 232
688 132
686 659
485 370
358 960
695 451
219 266
671 589
707 497
156 281
359 770
837 894
660 921
221 829
312 7
133 103
870 553
137 124
838 948
623 274
727 912
609 864
459 121
777 44
752 388
80 257
212 262
625 27
408 915
759 240
209 828
198 320
18 986
956 884
169 94
170 673
300 752
361 998
947 107
166 445
444 55
706 670
819 421
895 246
400 53
933 405
295 956
614 602
192 183
49 274
250 373
823 490
849 837
37 305
168 160
429 199
555 921
351 743
371 328
49 508
267 389
20 715
205 753
261 826
384 278
958 793
813 3
172 397
413 917
343 567
508 277
229 477
656 337
90 949
717 376
100 334
391 851
820 583
307 684
381 355
110 291
369 347
591 464
264 729
634 885
232 237
401 325
313 108
318 511
971 467
114 268
310 579
69 972
450 94
36 247
845 583
518 439
186 964
886 541
479 217
933 996
616 992
682 164
666 801
204 160
367 628
958 9
282 566
469 196
188 922
347 744
556 540
862 640
817 968
412 292
553 290
155 74
198 172
972 387
779 380
21 203
58 994
64 63
67 880
984 448
969 364
507 701
553 109
457 64
538 475
151 476
562 485
287 268
70 148
999 674
790 253
995 593
939 425
63 698
45 987
750 864
987 638
491 911
898 197
102 103
174 460
96 204
793 90
794 261
44 164
279 719
690 754
619 280
432 206
306 747
817 253
211 602
431 789
488 181
238 257
797 644
108 789
544 497
538 544
632 315
502 549
604 801
915 822
590 244
704 887
502 596
718 242
465 539
608 403
954 643
60 822
858 39
840 941
324 927
413 797
905 46
445 893
673 474
257 478
815 134
773 223
346 738
972 114
578 473
36 722
84 402
34 174
105 665
607 5
706 437
123 365
89 429
329 510
682 442
313 693
355 302
252 958
805 432
386 798
709 532
122 414
340 73
622 611
516 180
41 236
870 617
84 86
188 402
412 605
326 255
974 571
577 339
193 554
417 734
127 993
865 216
62 788
557 316
553 473
733 449
225 691
992 197
19 963
508 951
966 329
434 630
509 146
310 429
276 373
922 291
31 13
966 619
331 442
422 533
23 750
997 911
526 388
693 390
383 60
45 387
708 69
450 373
531 580
494 17
198 420
842 783
466 351
403 185
656 256
337 973
94 719
259 918
721 103
483 372
947 549
530 519
952 461
716 350
293 763
664 449
497 16
446 475
13 748
551 108
40 662
113 64
204 153
351 474
687 540
264 94
319 696
857 321
142 99
716 60
203 83
921 433
562 918
714 557
914 27
806 21
293 430
496 54
98 214
705 934
243 995
905 292
895 762
942 473
121 953
456 531
787 953
765 352
795 66
621 992
307 284
990 227
846 958
446 881
69 250
287 311
610 462
758 254
979 255
299 457
16 6
318 119
435 625
597 998
10 635
395 175
534 190
292 829
865 85
495 790
421 927
228 691
391 59
654 711
659 987
641 292
344 676
110 699
126 138
854 446
914 931
530 416
333 39
915 547
552 679
848 46
367 46
25 809
278 565
483 549
840 98
178 592
457 834
979 537
56 832
163 612
53 147
262 872
820 898
630 873
942 845
996 67
321 349
569 132
422 509
649 399
209 384
392 160
998 640
426 764
271 232
402 9
848 217
132 162
566 631
414 736
787 134
442 925
612 46
322 323
394 884
861 750
776 100
967 6
867 178
409 494
976 359
84 168
162 782
89 278
622 680
522 735
633 849
575 594
190 564
979 542
302 61
110 906
883 646
421 593
146 789
942 13
93 869
233 985
793 803
997 515
466 77
649 167
844 870
371 248
766 51
101 431
376 162
976 224
279 682
546 415
569 998
399 417
23 673
216 981
379 547
119 573
530 794
233 938
548 471
767 557
493 360
20 8
958 335
168 795
423 125
480 541
195 922
63 967
233 827
87 48
785 924
453 806
302 3
925 140
786 594
659 288
56 203
727 978
556 872
996 103
392 205
472 955
271 95
863 721
310 755
817 250
411 255
946 671
928 382
199 921
949 472
454 910
198 387
454 793
200 840
5 289
347 792
477 713
848 995
478 34
359 741
221 708
293 247
866 155
667 470
942 732
946 291
777 596
677 81
575 630
870 578
84 51
231 188
732 615
576 155
494 885
211 176
748 505
219 717
918 423
193 766
267 339
515 185
993 87
426 816
651 425
456 595
984 654
419 253
352 200
417 396
811 572
22 293
776 777
728 514
578 880
741 260
357 11
90 918
58 232
760 770
651 117
29 825
157 228
949 888
362 546
42 676
918 717
247 381
195 478
989 760
385 618
978 766
569 446
787 371
436 67
533 347
497 107
247 387
543 598
86 7
432 666
768 324
398 387
762 568
531 999
234 941
990 712
701 427
983 485
744 191
809 794
648 152
598 140
333 478
449 155
88 965
198 382
807 656
921 737
478 30
481 298
8 134
136 347
688 792
156 774
602 754
325 905
761 61
256 980
373 925
339 805
605 578
386 910
373 14
670 954
620 1
801 697
588 743
969 20
164 773
874 462
175 489
952 682
899 485
404 973
444 62
250 541
947 497
698 553
71 729
594 902
816 404
193 843
875 883
607 584
486 93
315 472
188 586
999 274
555 654
901 918
133 572
230 164
603 666
604 113
806 797
788 376
349 618
996 507
982 875
817 280
893 109
984 823
343 12
392 173
592 536
21 926
780 635
358 70
263 476
34 996
26 948
156 311
603 70
270 315
801 138
665 559
460 157
289 608
468 624
731 314
217 963
165 432
774 596
99 436
247 20
433 888
394 718
75 399
169 838
521 57
326 779
139 938
835 409
982 472
401 107
164 739
385 931
635 36
187 535
283 504
37 57
369 537
957 120
524 573
373 113
598 394
1000 901
640 854
364 276
48 353
615 717
193 388
933 320
537 559
426 982
830 728
124 799
35 310
184 816
338 157
945 131
802 524
127 789
386 295
45 34
231 827
141 527
239 284
258 749
331 993
230 241
487 738
400 550
422 935
48 104
716 959
842 590
703 643
592 346
360 441
675 162
767 520
200 258
662 428
190 445
210 423
930 108
768 127
533 433
60 921
977 656
884 411
405 558
985 90
887 397
708 201
391 527
214 150
806 618
550 2
213 358
985 757
915 222
311 953
158 456
604 520
626 80
609 870
739 819
100 895
941 863
726 31
531 31
473 171
806 167
536 263
352 788
498 558
501 381
543 844
71 63
99 991
616 356
217 223
202 141
413 220
4 155
579 521
874 667
302 352
585 580
427 255
572 326
990 77
682 258
634 251
529 125
287 389
179 772
314 549
973 914
300 707
754 568
397 786
849 873
701 776
740 882
27 761
980 193
784 988
657 354
362 248
373 460
10 540
397 813
33 981
159 125
586 171
344 530
1 375
665 248
615 36
709 47
73 325
224 983
985 659
262 265
844 748
231 684
827 429
168 766
68 95
750 535
54 321
825 700
788 304
267 991
208 330
6 157
724 426
617 930
991 342
841 682
716 562
165 590
683 315
409 534
530 682
358 531
116 570
229 782
217 718
215 879
950 742
733 750
458 736
316 646
593 866
750 83
739 990
556 760
893 350
427 436
17 688
56 42
330 649
414 680
442 975
591 790
869 720
69 748
716 69
991 205
190 868
709 796
104 485
692 238
360 527
969 935
74 261
369 967
28 246
401 497
195 863
70 857
809 991
402 842
390 848
687 922
818 791
781 353
911 546
718 772
149 535
10 847
178 9
732 608
532 804
102 424
935 19
210 683
862 374
166 697
850 422
89 956
589 779
809 411
862 332
192 435
340 747
6 754
642 45
242 521
44 800
447 682
966 754
589 621
970 753
45 251
157 449
864 720
824 706
533 166
71 939
650 322
944 107
551 518
977 501
650 469
263 362
485 214
12 554
270 514
197 738
509 816
803 904
828 836
281 575
410 861
6 379
109 379
275 473
955 587
463 303
959 3
651 850
565 952
114 98
320 557
988 223
378 479
198 706
723 119
887 210
411 823
798 673
97 652
807 941
848 162
466 244
646 267
246 329
943 349
319 535
60 389
385 981
117 724
174 645
981 123
296 476
400 450
716 248
977 748
173 563
464 953
860 534
468 17
596 719
990 122
402 387
442 692
188 400
904 833
966 131
497 650
970 206
697 910
934 877
408 747
575 917
979 372
796 838
121 92
891 576
982 633
14 558
17 294
454 337
737 939
405 371
867 568
519 242
390 745
612 180
50 834
435 369
274 890
796 667
432 398
688 748
201 327
921 126
751 434
764 682
732 136
300 28
543 96
451 152
146 950
54 87
132 741
975 725
10 153
909 394
249 571
470 775
254 958
793 342
687 780
232 152
821 352
401 669
283 90
551 604
851 569
926 165
214 139
474 236
498 214
501 725
123 207
328 617
717 241
740 86
794 842
268 809
837 808
470 451
56 115
311 965
954 532
318 151
781 741
564 203
857 327
329 702
971 251
40 551
458 282
545 162
375 371
760 974
340 853
657 825
269 179
1 829
610 891
829 475
834 371
602 727
970 147
909 745
250 237
748 28
622 637
701 246
574 480
207 249
625 334
13 400
362 370
521 999
914 477
774 845
433 509
451 568
876 271
117 157
448 998
948 819
533 907
241 941
239 430
899 369
979 435
923 631
259 872
941 664
642 21
230 715
211 310
840 875
111 123
484 357
252 233
379 537
649 581
594 28
977 428
890 903
816 110
907 441
211 532
72 462
879 461
275 307
385 439
538 510
809 880
690 877
163 759
935 77
494 135
725 521
545 499
566 197
60 760
960 636
318 32
302 677
375 49
964 626
290 577
294 57
167 261
460 273
817 848
70 592
786 161
878 331
661 687
223 114
342 900
92 815
751 552
994 463
807 128
777 307
616 357
355 826
755 371
620 277
583 931
539 281
298 680
136 276
445 502
259 110
406 387
193 502
696 411
918 302
44 639
316 500
471 752
88 331
801 111
199 585
351 658
282 439
847 402
443 104
20 726
679 929
576 462
373 392
486 153
967 917
269 637
127 665
883 343
371 107
374 371
998 4
722 555
456 171
112 829
69 47
711 970
638 126
710 539
461 55
815 984
513 110
343 55
682 623
475 999
599 998
814 102
103 727
90 210
493 247
898 723
204 366
276 867
890 893
151 615
332 10
280 405
104 185
432 752
848 40
493 595
649 425
753 154
691 610
449 403
782 335
910 256
839 362
166 16
169 780
635 129
909 510
187 880
848 854
407 143
375 315
285 559
752 306
236 227
169 46
765 864
515 767
454 57
9 518
239 802
168 97
800 358
875 218
602 574
514 428
164 245
936 102
774 890
41 774
13 416
101 670
361 737
13 472
508 880
624 169
552 150
330 341
878 786
420 430
884 715
352 492
975 188
244 170
444 308
873 567
653 136
492 15
131 674
915 673
577 662
391 954
729 595
89 24
331 987
911 42
707 592
905 286
818 442
534 326
974 9
431 790
231 544
335 898
536 358
174 670
629 637
959 300
870 377
929 265
646 942
8 622
6 9
742 775
604 828
346 92
897 324
275 472
539 321
163 789
786 948
845 407
631 394
132 748
169 991
99 410
713 974
164 710
476 848
277 929
132 100
260 49
652 883
826 974
506 491
53 486
455 470
799 766
242 481
631 89
282 952
322 393
515 586
442 706
408 974
649 816
943 434
196 853
360 763
643 302
352 571
946 197
16 258
305 641
663 160
114 777
26 167
482 805
892 760
738 210
999 968
634 419
321 530
969 414
418 652
628 645
793 872
547 441
430 799
736 366
115 923
633 218
232 733
152 438
125 270
111 719
315 474
586 344
124 586
270 850
141 634
453 440
101 374
915 520
254 812
2 691
479 713
618 435
747 605
74 124
381 994
629 593
376 553
569 766
16 650
256 185
989 681
794 937
688 156
835 95
730 811
930 185
324 761
238 2
989 730
95 671
113 661
509 461
595 575
103 876
52 194
769 750
494 347
367 971
389 149
621 340
75 304
773 63
817 811
912 861
144 759
477 621
857 247
711 244
481 731
608 589
891 912
621 7
207 474
320 246
356 668
14 382
970 144
610 235
79 668
681 67
743 389
585 575
877 447
435 340
730 932
144 909
61 274
176 612
671 734
231 87
628 665
420 486
431 279
956 144
260 655
245 343
541 778
304 279
801 933
715 539
827 165
221 206
796 760
880 872
490 241
718 313
955 89
439 808
124 205
102 34
49 182
926 647
175 850
43 400
561 83
300 1
690 697
431 857
882 788
464 250
889 559
980 722
675 164
16 615
458 1000
93 583
77 66
793 305
941 665
200 403
276 840
993 714
797 506
546 58
82 850
971 555
534 987
350 564
591 542
150 976
869 472
229 889
416 202
569 500
512 642
200 625
479 225
180 852
527 439
396 313
494 486
333 540
229 603
18 52
222 300
425 206
657 907
985 6
937 171
991 120
459 859
981 50
711 105
348 625
723 54
574 163
649 840
944 840
355 363
468 74
930 867
464 785
911 633
202 109
338 815
211 153
438 896
168 164
352 449
595 383
481 163
594 957
431 74
851 86
943 942
659 837
286 487
969 39
934 743
36 570
698 805
693 680
713 42
201 286
741 668
651 364
854 853
671 97
757 645
388 689
760 122
933 988
215 154
896 228
158 918
862 871
497 913
133 643
141 868
847 953
275 334
977 24
501 874
82 700
392 693
907 642
261 747
927 591
548 688
303 506
217 893
220 142
848 41
226 757
613 999
677 202
686 909
781 731
602 72
768 490
532 371
294 90
829 468
905 135
191 422
782 255
584 206
753 125
192 210
332 376
939 416
743 670
764 347
624 750
368 44
161 977
350 511
317 238
697 624
438 578
942 338
653 933
1000 991
844 592
995 711
829 228
888 672
117 50
156 626
453 16
112 414
405 349
649 727
525 124
728 888
503 986
107 405
989 111
33 457
562 195
581 165
845 624
77 454
79 136
85 971
780 157
858 717
175 677
289 734
89 860
819 83
167 725
993 822
103 698
393 616
127 525
591 146
507 655
318 722
45 266
267 784
471 16
737 442
10 114
301 561
12 548
698 455
116 976
523 176
570 230
600 797
160 954
837 528
170 981
848 503
96 524
224 561
854 690
251 1000
640 483
825 41
186 629
959 146
742 614
215 738
56 89
610 640
77 765
65 797
82 853
891 169
144 652
930 487
811 296
781 592
268 613
594 595
75 117
682 930
977 593
89 433
952 881
956 841
204 934
924 495
925 578
880 791
322 569
145 16
109 991
353 341
246 152
563 198
526 510
819 112
567 662
969 675
731 780
793 640
496 379
46 163
641 897
791 95
461 600
540 349
852 95
2 76
511 258
774 758
461 553
978 961
88 435
220 176
681 674
956 380
814 902
192 401
943 614
173 249
263 21
512 559
231 865
621 357
82 467
889 929
409 85
803 497
146 948
703 616
392 588
379 492
604 227
860 149
147 482
827 324
702 592
209 109
907 492
968 238
417 120
773 192
168 982
760 656
523 220
823 190
507 497
678 568
272 948
293 534
185 117
855 809
977 241
544 572
454 555
146 376
73 808
256 472
761 839
123 190
983 300
213 403
241 15
795 538
778 665
912 862
365 166
969 251
907 825
145 210
95 614
554 62
530 199
515 681
772 24
792 758
282 780
134 805
1000 633
23 520
807 518
994 11
616 553
88 194
715 431
386 913
403 821
302 603
173 311
486 774
168 201
360 150
84 997
340 335
127 897
2 80
226 434
230 394
344 569
989 87
662 103
704 297
51 188
7 342
493 788
358 46
452 39
35 25
928 998
96 25
884 34
741 615
813 26
10 345
633 585
965 367
401 972
538 979
524 162
215 241
492 794
805 310
229 53
232 359
486 428
470 801
287 661
200 261
242 896
999 229
962 393
877 538
241 376
812 395
704 772
821 499
717 2
510 768
919 842
226 639
996 79
523 329
873 796
268 888
240 399
354 411
303 342
917 786
561 131
195 582
815 136
494 598
118 322
744 813
450 648
101 927
796 123
585 760
341 338
37 73
661 911
924 471
675 971
454 16
804 685
588 836
826 945
866 98
579 188
619 870
108 225
58 954
640 909
390 917
359 48
641 969
553 133
537 520
371 478
614 558
710 93
325 802
970 998
76 953
387 722
689 854
157 728
267 440
215 454
952 948
789 454
857 819
923 30
337 316
227 864
234 76
35 53
680 318
665 142
757 304
997 737
614 744
107 615
806 969
976 548
573 670
281 262
525 539
548 332
141 786
836 299
717 371
609 362
112 910
902 463
764 946
121 688
446 930
43 238
906 21
747 693
342 395
950 330
418 347
627 491
702 507
738 912
79 783
501 794
138 842
525 846
730 992
858 221
901 431
814 356
160 893
91 855
369 9
319 879
178 625
765 683
41 319
62 199
816 551
946 618
229 638
859 475
274 431
441 614
905 279
544 433
49 885
285 557
914 95
175 465
312 757
443 605
652 687
892 496
571 857
679 434
210 595
359 374
838 830
434 11
307 299
364 200
740 884
978 588
727 971
925 927
912 354
519 959
830 516
117 828
467 30
50 202
532 918
93 40
19 829
774 779
336 803
909 796
475 488
760 330
758 853
686 54
410 373
380 555
857 493
295 530
617 720
814 986
266 788
20 450
585 50
146 830
951 71
55 434
813 98
708 328
33 824
241 922
737 328
703 631
870 492
708 479
305 420
732 453
826 14
220 273
144 511
556 155
741 401
335 704
943 934
730 674
930 32
825 846
309 37
994 879
426 259
604 830
678 541
969 63
828 822
697 245
169 588
632 542
650 133
797 82
424 542
167 382
469 138
611 590
194 542
946 703
564 201
530 318
587 691
13 637
806 147
330 680
4 937
282 535
445 233
530 337
913 351
256 650
22 605
776 81
320 381
49 913
527 140
565 377
271 450
826 791
922 598
227 286
445 459
469 54
50 317
135 229
933 118
554 893
207 369
998 813
164 132
883 804
793 588
443 839
631 750
852 588
84 83
657 13
72 571
952 575
296 931
381 79
153 862
351 583
448 878
163 469
456 297
666 484
603 835
355 451
534 151
538 218
723 913
427 617
889 838
323 680
269 562
751 522
611 689
478 888
724 880
319 444
177 467
803 99
570 346
36 402
720 707
405 195
337 149
346 365
292 587
756 432
495 76
206 913
667 641
82 355
534 884
840 75
825 761
988 835
665 352
349 551
364 24
9 341
47 757
873 150
202 981
825 987
882 220
518 86
518 599
833 544
456 654
212 923
32 257
309 219
256 473
220 906
42 422
730 508
1000 446
798 881
394 635
252 283
556 707
905 77
792 473
132 90
134 760
672 191
325 567
255 650
237 363
387 172
460 462
711 135
435 184
990 970
666 516
143 165
675 814
443 754
925 982
16 352
252 846
614 688
151 402
751 172
657 489
16 511
163 352
805 177
295 871
187 358
210 829
652 292
563 963
505 271
776 536
575 872
500 22
340 605
357 907
322 990
22 391
762 464
46 950
498 5
53 805
179 744
730 655
276 278
224 975
225 378
673 654
68 208
966 569
971 993
815 42
731 788
43 15
927 166
876 718
635 717
580 218
854 553
177 729
414 158
56 982
232 932
845 234
646 997
519 105
885 729
409 574
449 761
324 687
458 889
938 431
646 116
243 281
261 154
510 676
638 690
180 494
246 635
105 425
808 862
534 840
668 506
452 758
66 368
989 990
385 880
136 170
289 412
747 369
471 908
19 247
916 623
591 943
584 951
235 677
566 763
843 930
41 508
408 921
338 678
304 794
395 693
468 997
30 804
89 488
632 468
678 112
740 649
923 123
778 938
486 705
344 218
507 550
916 828
576 773
785 817
620 54
503 722
243 408
628 985
690 132
230 341
760 448
633 950
575 831
211 8
763 567
951 348
898 72
828 393
41 969
775 658
357 943
49 502
180 872
607 639
828 376
421 958
64 661
961 665
605 209
254 136
129 47
993 808
760 13
854 875
67 359
84 591
432 216
567 50
318 48
310 25
903 12
372 322
395 317
721 887
370 159
355 561
580 62
121 695
730 719
87 94
752 568
897 204
276 255
981 891
704 754
177 598
941 609
128 446
973 42
665 713
561 936
565 928
511 395
623 94
327 365
96 721
222 570
374 956
982 203
105 389
983 358
185 285
424 547
868 38
816 585
194 85
806 372
459 27
77 680
834 101
892 275
325 638
436 313
276 674
299 515
530 253
895 557
306 593
364 43
330 919
496 115
217 319
37 108
362 369
370 906
406 418
961 825
709 715
197 487
35 404
507 691
93 182
614 632
192 233
948 192
201 77
933 260
793 68
390 513
301 474
322 919
644 600
162 723
823 234
771 855
612 847
131 564
707 597
387 176
15 946
162 322
382 271
861 452
662 159
650 767
798 463
836 134
999 378
567 22
862 950
738 736
408 109
824 693
589 331
402 631
845 801
215 851
603 339
785 994
955 478
116 978
506 562
807 250
241 263
259 928
120 287
897 458
699 578
43 934
435 131
190 91
643 855
751 798
555 3
60 675
616 115
815 573
402 328
696 939
143 496
394 678
515 574
259 380
501 305
229 738
751 621
277 640
212 427
183 634
700 320
776 176
51 83
922 873
904 724
875 187
619 190
969 387
589 858
240 705
62 798
784 24
224 181
900 966
577 631
318 771
653 314
567 852
457 977
595 23
266 777
965 137
400 575
699 53
101 371
582 386
552 689
30 192
399 144
366 216
202 857
976 892
78 204
101 815
998 301
557 761
931 484
938 456
205 247
670 539
212 821
871 657
215 930
976 154
801 701
560 345
800 680
983 441
34 848
601 940
735 473
20 402
830 423
152 522
506 411
489 847
915 423
350 211
482 384
886 674
213 16
217 85
364 988
170 293
977 691
619 606
781 451
819 176
821 962
938 814
613 608
416 732
511 125
151 60
390 796
175 170
986 677
537 897
40 103
956 77
631 717
779 972
192 162
503 894
408 634
207 106
359 159
474 967
828 486
408 489
207 27
116 272
897 827
519 676
760 131
941 210
943 516
676 897
469 909
907 223
323 539
413 423
721 761
314 49
262 177
45 319
600 522
51 958
249 174
129 236
295 315
208 355
339 155
584 30
68 315
552 572
898 600
148 47
333 469
409 573
530 835
24 604
475 780
647 452
707 105
506 618
33 106
204 469
422 356
886 665
152 328
891 373
52 161
604 918
900 647
38 852
518 450
80 218
544 713
599 173
506 332
323 398
57 830
510 992
994 745
43 895
862 686
21 844
795 873
229 681
621 87
860 891
274 472
256 883
49 984
639 277
964 931
363 248
822 849
350 6
460 578
45 556
373 943
853 501
984 124
982 731
948 479
202 25
38 355
979 949
16 333
757 700
531 478
770 890
375 708
610 125
496 645
260 584
496 861
798 545
16 476
418 576
145 760
603 346
383 440
774 813
580 724
373 370
55 138
996 868
727 756
432 507
328 188
129 445
883 426
223 949
791 359
148 158
186 169
436 549
980 531
709 187
545 849
270 777
253 111
419 293
78 106
979 733
489 15
604 54
290 74
733 854
432 882
370 156
43 270
445 686
335 750
104 880
450 260
452 330
722 344
371 826
281 304
876 977
259 839
99 644
911 343
878 158
695 572
459 316
25 730
247 437
216 535
398 425
381 719
354 445
9 78
172 750
963 781
344 379
894 791
751 874
476 840
147 984
994 653
522 820
834 98
986 857
273 978
240 139
756 835
406 726
479 484
342 932
424 465
647 893
526 118
178 800
804 636
472 509
465 788
446 977
31 589
602 651
508 942
416 516
790 426
601 465
531 506
634 395
570 89
980 115
212 229
244 585
378 717
343 589
328 506
41 923
905 802
374 561
641 580
619 868
127 859
718 602
81 631
230 80
414 283
110 650
392 885
85 968
139 224
840 371
215 341
694 490
755 832
936 934
651 141
451 163
96 178
817 246
548 354
328 773
129 212
22 824
703 710
6 114
797 669
161 251
941 734
319 94
802 100
414 870
369 457
132 435
229 242
247 488
454 706
363 480
557 543
938 134
597 387
483 63
469 112
420 596
42 226
479 75
213 123
318 407
793 719
971 163
700 611
296 361
888 771
753 403
850 686
393 485
601 327
895 960
397 469
471 804
222 122
60 369
408 978
151 170
430 359
307 408
914 208
18 797
990 127
562 350
9 550
528 594
395 589
658 205
667 57
961 772
690 250
653 966
726 516
767 125
35 435
953 916
715 277
972 860
3 145
921 438
704 34
499 734
706 624
430 176
468 355
771 148
397 984
559 349
111 355
921 208
385 763
874 144
509 171
326 547
738 419
546 622
504 277
358 400
286 333
436 634
41 11
206 100
758 593
409 774
818 157
59 834
858 462
949 821
290 114
441 6
793 345
650 498
500 615
102 759
200 379
555 307
403 190
711 431
760 659
246 994
212 822
603 47
825 985
440 441
702 433
65 988
378 397
9 53
981 855
359 871
802 362
273 888
293 373
346 742
569 190
18 204
769 908
30 959
14 32
401 109
554 61
834 221
636 849
395 651
161 557
992 717
558 524
154 666
248 557
1 673
933 104
221 262
922 731
822 816
911 609
588 690
459 622
297 351
658 832
968 492
486 916
440 844
607 500
330 352
300 840
232 686
469 135
486 103
315 397
7 339
562 134
619 443
618 880
287 995
533 775
457 972
741 612
429 270
784 291
899 365
42 949
349 727
758 701
837 290
470 949
896 284
570 495
806 35
561 160
816 228
854 559
447 463
285 480
505 826
698 11
57 385
115 439
522 221
524 387
177 552
555 287
334 142
851 728
856 814
452 208
422 357
336 230
686 778
240 386
590 422
539 720
703 77
248 909
246 744
906 289
156 128
708 981
490 822
659 235
200 708
368 294
310 665
459 113
321 112
506 444
952 206
576 714
848 879
702 30
761 578
557 777
252 543
940 548
616 362
391 887
670 587
675 895
268 703
106 713
532 552
701 207
60 313
960 375
799 710
378 980
749 323
967 396
201 885
460 424
662 730
544 229
1000 999
451 765
378 839
168 25
169 352
922 942
377 133
675 554
287 272
325 109
520 989
633 948
482 600
984 266
954 494
458 769
258 425
922 64
742 321
419 541
233 343
742 464
717 415
509 83
975 560
98 906
935 300
983 847
3 23
988 999
366 951
828 600
479 764
941 471
290 75
609 367
976 950
688 247
651 78
251 738
214 490
802 53
328 889
703 818
315 597
483 471
78 405
375 205
397 923
306 944
185 65
189 537
996 159
411 515
485 414
215 869
203 933
755 336
39 59
650 236
247 436
812 371
532 136
221 793
320 630
907 612
69 837
734 585
769 603
863 367
611 286
230 322
959 856
49 793
69 726
431 403
713 934
187 887
955 993
190 878
193 26
215 808
933 206
181 617
187 996
333 798
562 552
264 379
175 15
677 201
473 939
292 297
420 870
458 49
352 532
649 872
248 613
179 249
821 682
856 19
857 894
640 788
348 887
738 821
870 980
13 467
343 588
783 659
880 824
679 866
791 164
619 101
344 581
849 728
215 487
549 451
628 332
955 20
789 520
443 248
483 823
301 250
185 263
966 756
349 750
775 918
23 621
462 439
693 108
745 577
374 835
358 324
6 224
484 314
33 326
824 695
932 514
285 852
224 727
64 768
712 108
792 339
419 574
224 582
621 585
693 332
803 644
751 58
664 126
721 115
7 378
890 666
600 912
27 600
864 517
204 30
631 385
479 148
496 981
320 547
800 765
503 50
592 127
265 503
860 864
844 93
757 716
902 901
834 71
783 130
682 19
26 543
815 285
344 118
363 306
627 949
350 76
219 983
913 126
553 407
936 297
863 246
231 850
122 422
866 41
994 210
619 803
791 91
231 873
469 661
608 719
292 178
511 270
645 754
650 812
481 239
391 190
528 384
582 87
957 964
923 609
638 334
306 421
883 357
24 718
166 953
707 563
604 473
841 953
860 115
346 580
699 55
578 828
172 77
724 994
358 352
578 943
832 579
85 717
177 690
528 193
346 283
272 650
125 794
717 18
936 673
940 217
64 876
319 236
195 18
954 845
725 910
450 252
983 458
353 829
532 98
226 599
372 713
194 249
657 759
969 622
234 726
309 216
977 774
13 740
2 511
976 442
668 256
434 394
489 845
492 148
238 976
296 439
294 102
117 513
423 582
999 679
122 873
583 804
35 786
307 217
94 964
147 640
131 263
630 449
408 896
423 727
89 719
108 475
40 843
350 40
23 386
207 417
173 529
903 770
22 862
939 650
979 425
523 971
338 544
774 948
945 474
850 473
83 442
363 997
286 637
71 549
310 359
352 425
448 69
980 283
434 643
438 219
644 530
560 989
466 240
62 634
395 52
824 930
987 446
71 843
558 427
577 225
33 556
508 266
292 539
775 990
231 534
896 285
125 852
937 935
185 842
538 846
522 331
560 138
686 446
354 669
343 41
196 533
609 691
295 138
445 761
546 196
489 749
641 248
893 364
87 149
570 772
755 375
95 766
649 294
461 448
191 171
303 493
450 115
894 622
754 5
114 420
887 227
194 76
380 359
518 339
702 140
332 196
117 741
924 13
339 535
564 36
192 761
473 650
881 232
700 548
826 859
520 386
114 537
44 960
330 261
395 694
715 97
164 505
99 836
562 660
28 280
840 782
457 450
476 426
312 571
135 569
905 554
396 171
804 312
182 636
787 586
165 866
993 353
442 473
210 653
266 651
429 173
405 324
227 902
359 189
732 953
770 154
24 616
443 110
248 6
176 867
775 577
675 267
861 76
111 669
497 729
996 757
572 1
49 68
927 97
92 62
496 835
704 440
392 810
390 469
853 777
267 154
362 788
346 433
2 709
710 926
6 773
802 892
566 484
785 874
687 304
399 478
902 451
834 525
797 695
390 247
712 113
660 873
641 171
642 900
76 456
994 839
537 372
7 890
655 958
656 616
953 218
368 534
898 685
441 942
24 194
411 514
764 172
219 353
682 907
591 761
137 838
280 411
744 192
82 987
891 275
108 607
845 382
938 160
811 434
282 652
119 121
768 495
267 455
529 1000
26 649
796 342
339 578
925 343
229 634
204 808
208 683
446 757
677 359
382 759
57 570
978 806
208 570
887 410
946 328
922 602
883 991
536 648
761 447
959 654
620 390
892 611
696 462
914 381
908 867
841 320
491 203
407 841
675 713
667 605
224 317
900 606
652 239
193 758
106 177
676 229
344 582
680 224
954 387
993 111
637 327
245 266
905 945
803 250
126 7
297 874
296 632
426 715
345 825
931 30
111 300
220 463
292 972
866 569
814 841
619 275
286 230
833 909
279 823
413 225
984 803
869 639
296 319
737 445
145 144
82 266
923 960
105 187
975 848
436 821
128 494
807 358
4 593
276 158
579 479
319 88
176 474
985 532
124 480
399 208
149 505
964 402
978 669
513 878
807 68
241 149
891 319
449 448
535 862
186 993
540 752
796 362
962 30
825 270
757 715
351 126
195 842
782 220
15 597
677 394
944 15
915 509
962 715
373 835
890 351
800 75
855 559
325 731
221 655
863 96
791 775
351 796
598 247
273 222
365 624
452 382
477 854
563 205
398 982
675 970
608 259
974 657
829 146
870 614
835 993
486 799
213 957
563 247
888 705
351 579
476 176
213 671
269 733
733 472
715 629
22 511
762 440
957 408
287 9
788 546
629 136
975 444
615 101
432 20
290 174
348 152
538 545
615 250
358 353
253 21
932 720
76 562
42 622
557 189
392 625
251 572
124 294
533 52
20 89
578 991
979 516
306 998
168 987
501 813
492 608
717 25
96 557
669 214
502 649
48 640
121 988
363 725
548 757
886 547
557 513
74 531
391 487
61 759
27 395
963 711
588 232
863 422
847 813
939 350
796 509
47 821
910 109
951 771
570 734
754 339
880 389
293 38
994 405
668 86
374 435
156 866
70 757
931 587
711 16
491 117
569 817
364 590
652 450
805 880
487 193
333 298
575 950
905 670
981 491
416 165
568 576
532 987
576 219
425 545
908 186
469 680
805 782
348 943
847 391
135 779
412 856
399 694
456 472
679 954
866 671
651 489
361 477
768 523
641 307
845 563
560 300
853 884
858 654
384 179
831 625
823 973
223 641
725 847
638 980
50 677
77 124
149 351
333 466
318 382
980 847
796 274
25 594
484 977
837 979
372 315
479 335
441 770
959 64
622 138
230 600
826 407
610 603
976 8
977 865
501 547
51 492
270 142
255 628
790 833
77 640
389 772
262 530
431 505
549 550
329 579
240 354
899 523
703 301
248 877
763 30
892 378
468 993
530 36
718 897
498 998
334 910
340 27
201 891
818 162
645 390
579 670
339 997
966 194
383 468
518 815
813 693
317 934
376 350
563 946
586 497
994 365
996 912
649 701
563 803
586 64
948 879
309 999
145 654
827 854
227 790
346 457
478 677
323 868
185 907
24 263
666 634
675 104
290 214
533 138
417 340
993 81
370 264
979 734
329 474
346 289
73 687
242 846
719 736
689 277
656 730
894 350
660 242
453 668
717 511
129 894
901 648
78 267
484 102
894 681
602 300
45 465
704 869
780 650
394 477
199 418
521 657
517 969
351 359
890 759
345 186
329 797
511 621
347 452
310 712
88 724
416 91
473 30
825 241
644 339
958 55
65 164
703 321
282 943
691 265
113 460
819 756
753 960
240 29
967 462
305 599
984 477
636 522
771 653
622 589
718 18
255 428
224 464
477 994
938 628
353 188
282 240
13 64
446 822
417 712
628 680
165 662
371 385
903 424
945 370
892 945
680 225
590 612
978 506
541 972
121 283
712 722
505 692
701 518
465 358
927 68
936 937
920 302
387 979
166 506
977 348
517 762
846 78
495 420
498 456
543 426
584 89
629 311
508 17
664 209
994 872
445 544
727 78
110 180
590 194
595 552
372 759
963 972
266 292
216 583
252 413
551 237
755 302
171 225
726 381
621 361
983 262
420 704
864 758
294 233
134 390
947 753
125 747
40 563
665 884
243 864
122 851
342 852
570 571
60 413
670 630
30 977
1 809
222 121
369 923
285 701
662 529
529 215
672 485
987 1000
753 718
665 634
61 263
743 495
56 198
36 987
628 541
458 521
158 562
729 406
373 325
681 283
554 555
993 25
520 919
760 508
766 310
767 219
989 77
438 253
285 153
614 378
797 826
727 697
129 594
140 847
549 485
698 929
550 902
618 152
713 228
898 302
167 759
499 31
941 396
980 598
12 480
362 877
695 189
128 173
111 938
112 892
703 662
279 858
428 368
253 389
881 932
418 186
383 774
632 242
103 1000
432 962
841 618
150 860
962 302
864 158
780 707
507 503
708 877
531 812
859 203
274 191
898 773
39 509
336 140
744 25
47 982
674 828
971 354
227 242
804 834
513 619
42 197
173 877
144 637
587 291
914 17
437 932
506 198
902 758
27 168
202 747
468 974
450 721
676 323
622 987
992 704
645 272
460 602
49 513
981 136
996 645
714 821
236 433
438 669
94 19
22 860
691 31
947 137
993 347
421 722
430 96
235 248
435 458
762 251
598 621
235 137
326 864
171 929
823 185
737 56
701 733
470 750
534 39
148 358
42 801
831 739
873 313
512 513
289 664
54 920
328 199
470 968
30 187
794 754
396 954
736 4
975 550
790 139
618 289
105 370
103 683
587 818
528 897
668 721
326 445
78 119
690 869
128 212
731 115
147 226
547 581
125 945
53 148
146 342
748 549
911 29
513 710
511 729
812 566
675 490
30 527
968 716
921 726
252 912
902 579
635 106
84 476
835 636
947 854
341 491
108 426
36 607
695 920
38 389
994 455
260 135
407 208
909 302
801 429
667 452
913 68
986 530
550 435
607 166
296 66
598 431
657 63
363 26
734 63
349 195
576 137
922 941
406 10
340 506
785 147
269 770
988 446
808 76
904 639
124 820
583 479
366 745
774 688
27 609
653 237
362 112
953 691
939 762
367 257
851 204
154 868
414 434
658 197
733 176
719 973
393 629
157 500
233 118
440 568
965 478
533 250
242 847
43 258
959 304
216 846
613 336
237 968
849 206
686 587
854 697
396 76
825 933
493 239
220 553
352 347
622 568
375 780
742 994
102 525
597 525
695 568
627 414
276 986
281 836
411 693
177 811
18 369
684 872
848 32
958 165
781 724
564 228
324 829
86 890
526 163
392 273
363 442
934 13
517 123
403 695
687 847
304 940
377 362
980 996
568 61
400 479
329 463
170 761
173 710
526 122
431 242
925 116
408 873
17 180
869 778
461 616
182 500
213 822
107 223
877 495
131 127
758 18
5 602
745 849
357 667
60 62
364 690
524 845
227 599
802 50
308 828
794 864
978 360
802 730
162 637
624 304
768 150
240 553
564 382
728 750
68 375
125 354
107 283
719 48
866 580
831 682
137 954
412 789
708 295
763 820
68 134
253 158
471 203
886 165
7 37
871 810
28 960
141 735
290 251
533 173
571 86
590 950
333 183
864 843
292 684
600 885
750 683
590 80
539 974
812 442
778 102
68 858
553 830
807 241
263 515
603 116
181 918
402 933
901 397
104 157
268 830
677 598
282 354
459 173
73 404
104 300
450 808
604 713
271 298
866 480
441 539
930 143
88 800
434 372
109 182
421 74
494 528
633 580
133 326
669 820
484 558
13 816
308 732
165 117
44 906
902 666
209 881
984 137
269 23
752 165
571 891
329 372
922 707
762 2
523 928
448 70
212 39
585 523
640 836
435 320
679 733
991 351
555 501
322 722
966 11
519 921
187 336
850 496
297 496
761 187
364 456
57 694
339 250
303 543
68 363
694 419
825 403
433 748
21 187
44 236
561 478
373 884
413 929
771 967
42 989
465 466
84 611
186 476
465 99
493 405
276 205
423 430
979 518
525 942
584 118
159 624
381 288
402 743
499 201
115 332
134 182
450 251
802 388
897 440
973 237
812 301
685 569
640 454
659 354
327 304
298 54
206 599
797 48
543 572
69 905
927 669
274 207
555 98
811 508
682 419
887 137
742 660
583 656
308 402
186 882
105 964
985 227
527 121
288 206
327 231
523 750
126 679
917 782
882 471
627 914
576 896
544 110
782 984
674 737
144 796
130 323
334 547
826 438
616 528
598 384
545 628
292 444
967 309
880 101
754 642
847 355
938 589
922 854
960 13
275 290
192 167
980 64
653 998
957 336
26 50
64 481
616 718
266 613
35 288
831 780
262 505
447 567
135 374
296 675
150 322
908 410
404 51
957 931
427 728
873 312
201 507
349 723
963 331
105 87
837 302
250 904
794 592
348 493
393 826
380 958
362 721
28 719
845 228
591 448
522 217
216 738
842 300
399 229
826 179
721 47
59 576
8 558
523 201
265 193
747 863
18 507
332 31
243 396
763 422
472 938
623 177
511 587
388 168
816 675
468 670
604 514
950 562
221 930
241 44
7 727
503 356
147 816
847 771
994 341
170 371
152 922
799 940
89 65
948 761
611 452
424 506
278 501
939 461
687 795
336 856
781 482
50 364
970 301
973 678
425 976
246 168
304 751
691 461
13 201
35 529
18 865
592 390
474 785
248 444
815 52
701 941
705 298
317 932
170 94
519 573
257 985
629 443
888 763
260 708
135 984
818 218
583 478
488 648
509 269
550 749
116 401
982 808
725 718
585 142
235 261
220 119
681 739
665 230
59 51
978 423
541 919
180 997
641 285
399 517
239 314
441 503
115 200
633 267
466 866
619 296
34 382
463 390
737 293
902 311
872 604
20 940
663 906
559 853
824 526
950 466
864 799
494 78
355 644
255 606
341 428
51 703
656 619
291 17
275 455
186 758
878 163
797 71
564 374
582 907
62 58
173 914
372 947
913 475
570 946
238 796
166 9
761 753
887 113
672 142
768 401
683 782
762 781
778 534
887 407
407 100
355 399
585 622
35 218
342 667
678 225
466 371
411 286
984 460
398 520
827 918
701 945
745 737
407 842
174 51
247 651
639 133
987 684
328 511
348 994
644 695
499 374
547 388
374 769
162 634
608 662
970 773
419 25
956 336
975 52
500 84
232 746
214 846
713 125
396 319
426 694
758 991
447 732
712 803
20 866
121 635
283 772
534 351
383 927
902 275
673 569
932 526
77 177
522 270
225 646
544 842
159 415
570 18
717 481
263 141
811 868
834 671
836 305
548 589
164 922
915 834
807 240
789 869
593 44
354 632
650 61
481 483
267 724
213 405
485 656
751 661
521 10
8 83
812 106
711 267
913 336
986 774
184 372
113 178
729 559
213 247
293 15
60 270
388 277
670 742
842 692
930 816
816 717
75 843
442 698
95 260
226 213
503 739
142 463
273 364
168 70
888 597
80 882
948 515
311 349
97 209
705 274
391 293
656 186
876 285
736 392
239 559
340 159
849 687
757 46
649 763
563 797
782 569
589 805
625 756
572 981
899 383
628 43
634 650
672 931
514 90
400 678
609 88
97 300
371 189
466 155
880 661
719 900
996 543
393 652
301 875
341 718
585 416
879 322
770 274
366 883
737 365
612 591
528 651
903 82
764 898
250 996
831 145
93 634
557 203
261 286
16 643
825 883
522 181
686 640
915 807
121 994
432 595
697 169
517 935
151 656
354 540
278 386
745 754
359 781
751 971
790 969
275 108
39 511
904 348
833 426
484 798
216 468
488 345
813 287
220 816
601 807
229 558
857 333
199 138
385 639
665 854
939 339
833 244
139 935
985 49
455 429
81 456
875 494
948 338
917 781
294 836
65 396
639 494
711 13
142 312
398 934
256 907
94 653
409 399
912 280
288 540
252 837
880 102
109 588
144 104
15 939
878 912
385 693
98 447
799 286
378 305
808 82
918 395
153 771
140 15
931 876
795 621
111 532
301 483
667 806
617 631
463 395
102 249
230 386
993 148
331 781
975 492
743 64
391 47
976 673
956 399
508 245
709 193
440 889
286 61
418 109
936 754
872 752
38 541
864 884
594 421
850 827
172 851
450 173
487 842
993 705
273 573
419 843
817 620
655 836
983 347
795 577
801 208
329 759
809 701
683 148
887 108
389 769
618 995
782 232
235 525
308 375
481 653
564 32
912 705
715 154
660 627
153 675
703 447
722 506
13 887
605 765
677 457
810 307
558 557
425 983
135 676
762 968
924 303
283 465
620 414
144 889
382 953
478 364
460 719
706 659
943 226
670 878
566 911
625 449
619 239
218 734
219 765
843 487
99 33
404 537
222 992
885 32
499 669
814 228
785 290
509 268
844 779
577 640
745 550
179 604
435 934
491 926
628 373
556 506
760 165
942 520
447 699
563 706
949 639
270 864
288 996
254 179
286 28
457 915
962 848
923 730
732 74
128 248
957 755
902 308
315 650
98 886
86 587
488 838
231 566
876 809
884 300
484 146
587 835
345 620
419 521
864 206
544 926
121 809
73 489
656 620
475 878
261 231
924 937
925 128
229 819
820 874
893 268
694 839
830 861
73 799
170 163
535 822
807 45
55 776
829 597
189 502
9 112
617 491
602 81
324 831
221 901
100 774
339 582
307 228
75 64
665 782
117 709
760 579
341 397
17 463
882 675
922 634
904 961
890 182
710 501
910 219
134 770
38 310
169 421
439 569
335 336
340 58
107 209
14 319
535 363
403 772
211 207
448 235
418 527
524 847
467 38
291 244
794 197
937 71
54 693
442 219
405 469
706 776
637 532
598 794
897 869
770 493
368 951
657 109
229 258
712 804
496 976
716 788
366 997
93 883
846 435
258 680
522 97
495 262
193 901
667 81
181 464
272 532
78 72
188 664
513 215
113 523
789 898
357 384
20 48
739 696
828 863
834 668
411 629
780 730
342 431
180 302
990 978
493 209
403 25
96 517
716 288
926 199
161 479
823 581
773 176
812 730
800 754
85 360
748 728
937 447
593 461
155 662
711 373
640 282
90 321
734 558
184 134
846 696
65 133
891 17
801 265
392 278
435 55
143 366
762 814
299 612
673 311
344 123
346 521
847 619
408 984
981 241
140 439
865 408
757 922
623 107
724 341
834 405
670 791
486 38
386 898
512 28
602 536
642 371
292 40
67 948
634 425
33 840
912 213
219 549
654 390
352 386
512 794
178 258
823 342
791 308
909 516
235 460
642 4
257 34
323 801
313 322
955 164
3 595
500 847
966 672
115 48
618 441
711 900
858 456
859 945
256 4
989 526
721 944
357 420
641 151
695 348
238 409
647 473
280 313
9 349
214 134
180 274
189 604
9 174
912 937
271 249
949 66
934 286
432 690
324 992
532 333
436 218
792 434
892 227
324 887
164 748
626 435
543 945
630 427
260 31
410 945
144 624
971 69
386 725
246 467
374 4
216 98
52 776
292 287
679 413
669 647
304 709
691 499
412 656
344 198
182 762
727 919
776 339
61 183
944 821
743 447
374 983
148 813
10 778
302 50
141 208
183 885
19 780
577 266
5 801
600 213
487 419
272 144
310 376
420 488
793 850
480 83
190 340
33 965
185 514
331 780
975 495
558 61
139 209
582 199
16 804
943 754
486 379
604 442
970 572
264 275
923 878
708 392
513 238
327 978
629 906
668 782
917 35
181 185
396 540
523 98
944 189
671 314
450 170
747 704
916 51
789 811
959 511
122 722
211 895
621 524
547 761
694 888
312 166
53 518
579 40
63 411
543 653
603 190
227 130
924 868
337 710
803 929
441 160
130 993
368 348
864 689
481 531
557 754
636 173
490 835
476 786
60 465
672 211
946 462
273 120
717 637
789 284
973 674
833 64
562 574
291 620
239 930
359 589
136 287
209 959
965 724
664 434
240 979
404 708
166 431
514 479
424 169
799 482
325 87
308 859
554 607
370 832
712 555
729 467
895 474
823 361
880 865
376 64
340 731
344 542
642 93
1 323
329 456
921 752
932 310
736 159
42 768
923 733
983 837
574 629
388 699
341 645
881 912
147 436
372 505
444 990
967 742
699 848
424 894
811 890
668 641
725 976
3 903
836 479
198 816
107 781
717 76
55 613
96 634
349 840
501 737
617 200
360 191
859 135
697 224
509 514
510 805
794 870
673 95
413 348
87 293
327 506
458 615
789 545
29 364
507 158
968 668
553 626
971 303
644 351
136 78
249 459
411 980
854 120
345 88
346 643
169 138
298 302
562 595
194 335
322 440
329 460
424 472
244 761
406 344
840 960
179 78
187 619
304 653
586 319
198 41
888 571
5 253
435 528
344 813
54 616
753 695
577 321
795 438
905 730
356 956
642 287
572 92
988 333
136 1000
980 233
28 654
765 375
346 944
586 96
948 847
6 553
797 850
279 511
106 205
713 99
841 54
646 601
558 117
68 129
965 157
134 731
332 526
594 185
97 375
983 873
569 525
326 728
720 623
613 508
276 576
600 713
565 633
534 716
500 522
945 643
582 696
569 751
338 115
988 743
238 386
977 114
171 455
765 499
916 491
494 219
906 129
781 787
406 837
272 977
259 680
591 728
899 151
64 838
375 497
565 61
217 935
894 939
75 257
494 309
170 23
321 129
27 767
716 14
455 58
347 597
518 284
498 539
2 480
564 106
857 224
213 433
769 810
94 281
813 821
93 982
853 84
986 951
306 587
648 20
834 355
709 629
66 921
268 381
472 416
468 799
925 969
503 765
235 899
92 520
753 706
567 537
297 501
761 184
27 780
37 660
529 194
692 522
292 184
535 108
944 711
407 729
233 384
710 914
583 416
415 50
805 998
789 481
791 311
415 954
305 140
567 172
110 681
77 480
60 142
119 805
478 117
49 135
380 695
309 765
92 227
516 473
150 391
984 991
251 578
155 434
884 246
855 311
267 822
859 944
896 166
399 285
919 766
557 201
319 234
945 687
985 970
477 679
290 508
350 110
833 654
872 436
194 832
273 599
846 840
388 800
341 768
45 282
384 647
182 834
816 698
856 631
153 661
450 920
731 265
308 494
535 889
890 410
742 651
191 403
513 200
950 964
386 547
149 225
616 230
139 985
748 995
469 142
87 563
753 51
869 621
715 123
329 388
94 132
333 800
929 569
397 67
737 624
745 985
939 640
869 847
173 608
914 446
23 126
250 352
608 132
783 672
932 174
819 372
771 730
372 34
923 466
856 67
837 120
505 647
386 312
775 822
667 937
83 158
747 135
569 875
222 695
392 820
618 248
727 462
693 714
327 828
50 419
315 621
627 42
760 105
392 643
101 159
873 462
929 492
659 711
627 251
220 291
422 752
186 511
375 853
134 119
403 621
998 374
102 827
660 219
607 966
332 820
516 611
88 183
474 37
722 511
209 208
835 36
376 703
711 649
103 820
859 186
53 111
103 737
25 710
707 510
268 882
677 666
473 663
160 218
706 45
63 376
565 230
472 203
109 234
96 923
575 285
323 400
928 78
189 588
364 56
91 656
868 504
781 287
281 641
217 298
934 199
921 676
612 298
207 387
117 852
586 280
53 709
929 125
149 518
60 167
516 496
830 903
670 876
736 596
791 40
908 196
891 516
554 604
684 931
905 782
264 807
130 247
399 962
997 565
842 290
629 218
31 58
417 498
313 315
827 75
442 39
334 105
78 436
242 760
922 412
433 65
673 530
750 544
381 131
493 457
629 621
833 852
741 355
100 381
615 398
233 916
911 441
387 717
595 930
815 861
470 202
287 512
642 561
534 515
719 129
152 317
561 935
637 148
711 621
324 539
94 625
540 635
668 416
25 674
691 961
378 460
51 606
55 863
15 59
752 576
915 118
700 992
661 614
367 645
479 95
194 477
659 125
753 106
905 285
283 145
835 604
708 726
982 285
587 495
805 316
364 28
91 764
777 120
539 320
649 768
613 607
706 467
193 140
981 219
105 968
895 933
715 3
365 390
592 470
834 399
818 776
156 679
697 637
761 306
500 258
745 393
198 916
723 874
481 107
120 789
417 707
606 981
40 438
165 203
661 726
563 770
287 130
326 940
723 72
961 707
784 68
413 369
736 205
722 804
859 649
806 912
680 260
699 32
430 600
824 719
475 49
811 955
63 798
944 24
671 223
395 336
437 245
419 598
862 846
314 352
413 667
157 246
553 274
142 602
38 474
180 312
384 781
630 816
575 145
262 802
86 934
552 794
256 503
111 337
422 420
557 535
616 334
465 8
679 4
310 681
317 323
47 942
79 737
639 768
386 604
919 618
322 362
485 750
914 38
188 327
463 975
670 635
854 244
400 319
477 831
117 328
83 728
348 524
620 480
676 466
490 717
286 814
201 822
865 271
689 601
925 889
452 641
591 492
101 678
715 666
681 286
476 142
701 835
480 73
845 155
582 78
125 175
755 518
365 942
315 121
149 356
326 112
253 205
917 396
477 389
850 161
249 606
766 21
471 235
594 154
78 59
82 454
335 904
67 294
160 644
971 844
807 260
538 885
243 233
814 734
733 918
661 105
898 589
663 975
243 150
741 443
372 562
870 273
599 973
220 638
756 344
333 441
996 207
815 789
691 795
30 491
652 349
677 788
270 410
843 628
324 763
94 702
316 748
262 782
893 306
15 450
753 327
933 302
9 61
925 503
194 99
623 270
717 885
83 809
801 186
254 641
648 211
61 866
762 721
853 134
469 141
593 9
165 132
937 187
369 809
179 24
622 812
770 589
199 933
348 609
184 386
705 32
691 501
784 689
443 780
433 310
586 372
610 110
477 37
72 577
969 469
424 908
24 996
791 116
297 464
335 40
83 67
709 283
107 441
605 346
457 154
22 34
444 496
796 605
615 920
838 192
126 246
236 626
542 708
188 636
63 624
859 753
71 977
774 378
443 406
272 606
38 641
559 957
447 503
927 825
538 205
224 662
712 171
96 592
427 152
375 230
534 785
87 146
860 402
313 209
542 418
838 789
267 640
433 151
623 189
20 722
159 778
851 830
159 71
964 615
144 688
541 929
541 235
707 287
804 867
720 835
243 863
249 414
375 298
503 273
674 575
200 938
554 25
539 359
596 636
964 916
605 762
199 905
723 56
810 318
792 733
523 634
987 934
862 106
790 391
888 545
869 866
286 678
303 780
822 788
786 342
532 790
75 997
938 557
98 350
107 20
571 389
148 690
205 959
926 993
487 449
895 452
828 387
390 674
597 586
292 832
302 866
651 413
767 879
603 680
438 41
923 735
304 13
196 11
436 570
676 820
502 22
335 576
710 532
380 879
989 451
975 656
559 849
142 639
694 56
669 168
772 978
955 460
831 369
281 557
856 867
189 967
600 781
716 695
437 434
104 23
855 220
103 859
772 752
919 867
280 482
544 639
651 693
124 185
185 299
683 100
761 772
450 961
189 356
133 677
748 917
584 590
77 20
75 69
312 785
316 873
243 827
230 803
787 800
381 921
809 952
592 312
317 113
642 603
765 883
731 911
255 453
827 716
834 527
460 671
979 505
680 826
611 99
899 216
907 473
425 833
870 637
56 974
265 1000
654 338
658 881
623 875
628 519
829 248
297 415
210 872
106 809
970 958
554 561
814 7
840 414
344 589
914 681
865 61
3 346
141 38
652 508
803 227
20 767
572 956
149 989
996 656
614 291
491 33
12 363
44 148
816 197
673 588
217 637
504 369
710 737
750 594
15 745
422 537
354 931
371 963
226 334
612 550
461 206
669 425
147 323
576 174
96 425
355 676
