989 1053
288 897
62 291
112 581
920 434
335 537
740 562
193 465
725 925
923 688
667 936
23 757
385 170
890 432
579 666
496 220
729 804
187 438
429 715
975 599
451 918
743 385
435 369
546 520
770 542
311 418
448 748
296 137
639 251
142 641
460 644
915 310
888 620
376 545
395 18
97 980
48 678
921 976
403 796
504 391
617 719
319 78
747 316
137 489
703 113
496 129
145 858
942 129
755 268
860 206
676 408
718 212
595 468
319 618
788 950
119 869
449 716
99 77
965 2
391 454
472 89
5 678
101 436
347 875
447 259
71 509
877 772
434 833
178 352
256 283
807 410
670 462
476 93
462 953
726 346
974 664
99 689
483 190
651 346
426 532
818 17
533 390
920 445
757 227
955 476
708 11
717 141
129 227
21 437
83 422
268 9
131 705
410 259
298 172
35 8
403 458
421 538
965 200
277 550
921 181
240 147
784 99
45 877
728 116
434 799
973 748
888 285
14 277
706 880
400 125
790 454
740 888
274 452
293 120
869 526
632 78
659 386
916 892
390 88
901 705
718 706
684 950
622 604
27 873
167 19
359 140
859 879
33 302
321 480
530 647
66 886
586 897
479 921
400 302
629 812
988 184
315 316
807 695
13 896
326 665
9 59
623 856
686 126
774 104
409 517
673 848
899 481
136 618
592 535
596 416
609 850
149 324
903 272
254 368
45 40
906 410
237 532
404 100
835 36
808 690
854 181
571 765
947 264
195 392
537 496
313 75
136 301
673 552
314 50
968 873
393 862
58 871
63 96
359 777
439 595
532 217
103 591
67 717
923 335
441 856
116 865
271 374
872 671
637 385
910 143
678 790
960 908
841 49
115 648
725 345
257 803
969 110
337 924
764 333
421 428
477 287
523 86
539 493
570 971
771 198
764 288
616 806
838 720
901 905
429 663
543 296
469 981
942 510
117 982
229 370
56 731
251 921
728 783
575 710
818 925
902 514
294 183
456 586
445 825
338 884
309 211
938 830
718 400
612 712
419 77
382 328
908 598
796 469
827 292
194 578
219 767
927 894
652 40
99 714
337 356
587 679
330 421
553 603
489 33
277 955
805 166
92 202
859 882
958 450
612 514
749 517
407 571
790 882
523 182
394 986
609 458
238 948
222 473
670 39
202 676
979 472
731 762
465 819
483 556
613 843
165 610
330 934
763 205
645 900
619 424
12 511
663 250
534 348
644 703
953 643
910 471
217 585
720 487
289 415
890 976
415 902
402 590
462 688
348 784
937 438
541 407
659 150
98 248
717 539
398 55
956 326
668 740
447 488
902 358
699 216
229 657
738 702
755 708
33 655
98 86
708 310
356 483
918 107
338 296
130 155
242 10
897 451
843 862
415 772
754 568
711 187
386 299
177 642
97 42
783 422
215 757
502 637
332 714
16 761
869 481
905 824
656 691
450 81
181 601
279 337
218 127
145 203
710 95
673 481
216 857
447 516
674 76
877 723
73 280
643 460
686 121
623 154
869 707
131 504
271 248
282 689
731 633
350 631
677 100
919 98
865 210
947 226
568 802
738 473
947 586
667 227
235 326
821 501
964 669
141 983
500 217
634 215
915 670
988 599
779 805
399 390
324 333
865 37
537 187
316 78
684 843
296 593
390 271
783 945
396 111
217 75
304 380
327 687
197 75
908 45
350 596
445 212
549 583
219 902
682 623
378 747
323 194
739 541
492 65
989 391
223 411
770 616
387 441
409 401
793 68
178 258
238 211
195 577
180 769
934 725
177 586
30 234
972 493
97 329
913 140
261 155
980 79
935 232
960 502
128 503
316 750
520 366
675 674
698 310
347 372
785 873
591 537
986 195
17 224
970 198
551 472
244 203
9 439
502 210
892 314
889 936
882 318
967 35
214 116
692 665
509 211
359 460
94 457
266 309
637 96
815 491
34 707
211 836
275 215
770 869
430 54
234 195
920 948
68 482
277 578
74 615
120 133
863 971
170 614
160 882
69 88
496 539
278 498
80 986
496 846
23 891
562 702
981 118
680 304
698 52
856 254
8 437
95 758
601 794
522 347
176 519
396 811
169 466
86 650
609 18
839 3
922 370
400 774
723 690
859 1
385 956
488 503
759 913
208 262
712 767
761 461
623 381
957 109
622 853
106 512
843 45
299 783
410 333
25 579
910 951
2 583
210 365
966 777
957 754
849 604
683 677
185 678
365 476
962 746
377 240
641 328
756 806
610 34
986 365
232 624
987 220
136 960
102 915
878 369
694 247
160 767
725 960
64 857
557 122
821 705
929 472
560 37
57 738
222 618
829 216
457 530
65 406
309 396
469 594
91 541
118 937
566 827
617 462
48 426
320 717
209 801
104 602
544 742
128 331
153 955
310 326
845 986
814 201
169 435
15 335
92 883
754 956
396 559
693 783
292 49
868 344
654 103
705 664
313 876
14 571
258 96
480 357
696 290
874 384
610 293
370 203
437 429
673 116
459 429
155 183
755 297
30 512
713 52
292 186
640 825
303 779
714 669
754 816
466 48
142 96
923 840
941 255
698 819
579 731
11 667
533 249
51 691
324 809
666 628
629 608
915 679
959 645
343 439
114 49
389 15
336 986
498 35
249 53
957 623
192 403
232 516
145 571
117 346
372 387
861 499
659 656
845 682
823 470
74 530
582 905
691 258
520 168
655 808
757 421
739 135
827 797
75 669
700 325
238 523
464 285
823 81
418 447
862 404
874 173
906 211
577 89
473 441
75 410
130 202
880 309
746 121
483 6
310 348
41 389
553 344
169 908
529 911
915 12
912 939
218 795
281 562
39 392
384 537
441 857
309 927
889 585
19 281
272 135
378 945
472 70
972 330
494 642
212 881
526 697
644 555
710 46
521 218
122 632
284 415
273 425
361 898
731 175
383 142
413 448
157 374
124 834
64 683
535 47
615 714
666 560
831 980
434 803
331 844
944 687
314 626
422 755
150 723
32 392
573 637
467 541
985 278
178 37
289 599
116 833
160 139
285 482
91 881
600 511
891 591
276 933
571 572
417 724
189 347
736 864
545 955
27 251
696 113
225 174
86 913
898 363
80 706
950 133
158 159
114 606
737 455
337 58
266 118
441 572
528 588
858 824
250 664
814 229
622 236
532 127
279 936
758 112
165 728
961 786
854 804
586 654
422 599
250 772
593 302
28 46
216 521
280 114
797 723
264 289
830 116
409 472
503 552
789 40
705 271
119 756
286 380
275 898
540 20
708 729
911 868
468 47
984 768
92 915
305 105
444 211
717 36
490 6
196 977
539 42
531 5
615 883
322 781
685 359
559 306
863 627
663 525
704 450
296 164
952 585
53 110
146 172
764 754
69 838
538 960
631 502
467 68
449 975
125 790
559 82
620 880
908 733
396 228
875 812
628 942
639 640
498 746
551 884
266 965
470 66
272 522
873 925
658 623
324 97
131 778
373 167
885 13
115 878
177 248
43 59
530 287
297 568
809 499
204 341
774 73
212 25
91 606
962 297
750 378
660 724
534 15
500 64
756 829
755 815
128 592
918 807
830 368
505 702
455 86
589 970
418 69
133 771
710 292
568 381
393 353
160 943
4 442
751 257
914 519
781 572
804 312
150 205
909 715
239 984
496 778
445 735
95 48
580 14
631 713
938 888
546 630
162 163
451 647
308 210
471 294
981 333
621 960
182 414
388 733
40 355
396 70
519 448
949 533
562 655
633 888
822 410
484 197
963 443
856 337
157 887
77 477
879 105
161 490
912 77
587 258
7 703
13 86
319 491
961 629
576 142
867 520
251 392
377 565
874 157
400 344
322 699
176 530
417 127
389 553
883 818
258 841
881 925
355 106
294 198
618 728
389 239
6 13
938 304
521 498
445 34
540 428
763 846
633 732
801 66
337 5
955 890
856 848
93 882
952 700
690 367
299 348
808 747
347 966
518 350
938 687
946 720
111 198
589 935
899 806
531 333
84 495
896 456
855 626
33 409
689 709
887 766
26 262
704 794
770 521
501 379
64 236
762 424
220 851
162 738
846 116
453 892
424 228
16 293
882 76
524 864
657 10
967 166
312 364
224 13
72 3
439 867
613 404
575 301
682 411
643 659
824 982
228 895
613 861
515 590
858 102
642 255
248 198
362 333
691 236
58 706
715 634
375 303
770 413
67 912
868 569
442 909
74 503
41 555
148 567
539 692
361 164
364 986
901 699
434 731
648 618
492 467
922 892
896 91
720 185
539 364
942 506
416 293
194 417
371 415
287 808
970 310
741 900
105 173
796 158
613 838
322 168
813 384
389 715
798 23
170 789
597 95
609 393
171 398
901 278
573 322
588 680
951 984
266 649
260 701
986 398
159 744
482 754
26 128
136 576
455 612
980 745
187 621
210 453
480 366
515 988
824 47
841 132
347 805
386 687
307 650
869 307
141 630
748 308
817 294
689 572
942 503
681 111
903 382
261 504
146 826
126 330
947 684
921 417
376 172
326 44
872 507
978 156
443 183
252 349
907 255
834 276
522 882
961 869
276 647
768 784
208 436
789 561
236 924
723 532
250 498
10 127
647 942
604 844
50 803
191 498
249 607
497 906
233 757
656 795
858 729
631 169
150 691
678 692
141 25
863 760
911 260
811 436
730 47
542 332
741 127
988 241
395 75
553 7
206 595
552 939
948 673
370 122
954 101
51 674
321 390
92 250
785 720
320 968
424 571
118 820
968 323
490 318
830 398
125 597
381 405
577 723
745 254
365 189
621 233
769 383
606 920
